12 15
0 0 0 0 0 0 0 0 0 0 0 0 0 0 0 184 148 95 175 143 85 0 0 0 0 0 0 0 0 0 0 0 0 0 0 0 
0 0 0 0 0 0 0 0 0 0 0 0 0 0 0 159 132 77 159 132 77 0 0 0 0 0 0 0 0 0 0 0 0 0 0 0 
0 0 0 0 0 0 0 0 0 0 0 0 0 0 0 126 98 55 103 80 44 0 0 0 0 0 0 0 0 0 0 0 0 0 0 0 
0 0 0 0 0 0 0 0 0 0 0 0 0 0 0 184 148 95 184 148 95 0 0 0 0 0 0 0 0 0 0 0 0 0 0 0 
0 0 0 0 0 0 0 0 0 0 0 0 0 0 0 159 132 77 175 143 85 0 0 0 0 0 0 0 0 0 0 0 0 0 0 0 
0 0 0 0 0 0 0 0 0 0 0 0 0 0 0 175 143 85 159 132 77 0 0 0 0 0 0 0 0 0 0 0 0 0 0 0 
198 160 103 194 157 98 194 157 98 159 132 77 184 148 95 180 144 90 184 148 95 184 148 95 159 132 77 180 144 90 180 144 90 194 157 98 
194 157 98 184 148 95 180 144 90 126 98 55 175 143 85 184 148 95 184 148 95 175 143 85 126 98 55 175 143 85 184 148 95 194 157 98 
184 148 95 159 132 77 159 132 77 103 80 44 159 132 77 159 132 77 159 132 77 159 132 77 103 80 44 159 132 77 159 132 77 184 148 95 
0 0 0 0 0 0 0 0 0 184 148 95 194 157 98 0 0 0 0 0 0 184 148 95 194 157 98 0 0 0 0 0 0 0 0 0 
0 0 0 0 0 0 0 0 0 175 143 85 175 143 85 0 0 0 0 0 0 175 143 85 175 143 85 0 0 0 0 0 0 0 0 0 
0 0 0 0 0 0 0 0 0 184 148 95 184 148 95 0 0 0 0 0 0 184 148 95 184 148 95 0 0 0 0 0 0 0 0 0 
0 0 0 0 0 0 0 0 0 126 98 55 150 116 65 0 0 0 0 0 0 126 98 55 150 116 65 0 0 0 0 0 0 0 0 0 
0 0 0 0 0 0 0 0 0 159 132 77 194 157 98 0 0 0 0 0 0 159 132 77 194 157 98 0 0 0 0 0 0 0 0 0 
0 0 0 0 0 0 0 0 0 184 148 95 175 143 85 0 0 0 0 0 0 184 148 95 175 143 85 0 0 0 0 0 0 0 0 0 
