16 16
161 113 41 161 113 41 129 89 33 129 89 33 129 89 33 129 89 33 129 89 33 129 89 33 129 89 33 129 89 33 129 89 33 129 89 33 129 89 33 129 89 33 161 113 41 161 113 41 
161 113 41 161 113 41 129 89 33 129 89 33 129 89 33 129 89 33 129 89 33 129 89 33 129 89 33 129 89 33 129 89 33 129 89 33 129 89 33 129 89 33 161 113 41 161 113 41 
129 89 33 129 89 33 64 47 23 64 47 23 64 47 23 64 47 23 64 47 23 64 47 23 64 47 23 64 47 23 64 47 23 64 47 23 64 47 23 64 47 23 129 89 33 129 89 33 
129 89 33 129 89 33 64 47 23 64 47 23 64 47 23 64 47 23 64 47 23 64 47 23 64 47 23 64 47 23 64 47 23 64 47 23 64 47 23 64 47 23 129 89 33 129 89 33 
129 89 33 129 89 33 64 47 23 64 47 23 172 112 18 172 112 18 248 159 17 248 159 17 248 159 17 248 159 17 172 112 18 172 112 18 64 47 23 64 47 23 129 89 33 129 89 33 
129 89 33 129 89 33 64 47 23 64 47 23 172 112 18 172 112 18 248 159 17 248 159 17 248 159 17 248 159 17 172 112 18 172 112 18 64 47 23 64 47 23 129 89 33 129 89 33 
129 89 33 129 89 33 95 64 23 95 64 23 248 159 17 248 159 17 24 24 24 24 24 24 24 24 24 24 24 24 248 159 17 248 159 17 95 64 23 95 64 23 129 89 33 129 89 33 
129 89 33 129 89 33 95 64 23 95 64 23 248 159 17 248 159 17 24 24 24 24 24 24 24 24 24 24 24 24 248 159 17 248 159 17 95 64 23 95 64 23 129 89 33 129 89 33 
129 89 33 129 89 33 95 64 23 95 64 23 248 159 17 248 159 17 24 24 24 24 24 24 24 24 24 24 24 24 248 159 17 248 159 17 95 64 23 95 64 23 129 89 33 129 89 33 
129 89 33 129 89 33 95 64 23 95 64 23 248 159 17 248 159 17 24 24 24 24 24 24 24 24 24 24 24 24 248 159 17 248 159 17 95 64 23 95 64 23 129 89 33 129 89 33 
129 89 33 129 89 33 95 64 23 95 64 23 172 112 18 172 112 18 248 159 17 248 159 17 248 159 17 248 159 17 172 112 18 172 112 18 95 64 23 95 64 23 129 89 33 129 89 33 
129 89 33 129 89 33 95 64 23 95 64 23 172 112 18 172 112 18 248 159 17 248 159 17 248 159 17 248 159 17 172 112 18 172 112 18 95 64 23 95 64 23 129 89 33 129 89 33 
129 89 33 129 89 33 95 64 23 95 64 23 64 47 23 64 47 23 24 24 24 24 24 24 24 24 24 24 24 24 64 47 23 64 47 23 95 64 23 95 64 23 129 89 33 129 89 33 
129 89 33 129 89 33 95 64 23 95 64 23 64 47 23 64 47 23 24 24 24 24 24 24 24 24 24 24 24 24 64 47 23 64 47 23 95 64 23 95 64 23 129 89 33 129 89 33 
161 113 41 161 113 41 129 89 33 129 89 33 129 89 33 129 89 33 129 89 33 129 89 33 129 89 33 129 89 33 129 89 33 129 89 33 129 89 33 129 89 33 161 113 41 161 113 41 
161 113 41 161 113 41 129 89 33 129 89 33 129 89 33 129 89 33 129 89 33 129 89 33 129 89 33 129 89 33 129 89 33 129 89 33 129 89 33 129 89 33 161 113 41 161 113 41 
