13 16
0 0 0 0 0 0 0 0 0 0 0 0 0 0 0 0 0 0 0 0 0 0 0 0 0 0 0 0 0 0 233 173 74 203 147 55 0 0 0 
0 0 0 0 0 0 0 0 0 0 0 0 0 0 0 0 0 0 0 0 0 0 0 0 0 0 0 0 0 0 233 173 74 184 130 39 0 0 0 
156 127 80 233 173 74 245 186 93 245 186 93 245 186 93 233 173 74 233 173 74 233 173 74 233 173 74 245 186 93 245 186 93 245 186 93 233 173 74 
119 93 51 233 173 74 245 186 93 245 186 93 245 186 93 233 173 74 47 40 28 95 72 35 245 186 93 245 186 93 245 186 93 233 173 74 219 159 61 
233 173 74 233 173 74 233 173 74 95 72 35 233 173 74 233 173 74 233 173 74 233 173 74 245 186 93 245 186 93 245 186 93 233 173 74 219 159 61 
95 72 35 119 93 51 119 93 51 95 72 35 233 173 74 233 173 74 245 186 93 245 186 93 245 186 93 245 186 93 245 186 93 219 159 61 219 159 61 
168 138 91 168 138 91 233 173 74 233 173 74 233 173 74 245 186 93 245 186 93 245 186 93 245 186 93 245 186 93 233 173 74 219 159 61 219 159 61 
0 0 0 0 0 0 0 0 0 0 0 0 0 0 0 0 0 0 245 186 93 245 186 93 233 173 74 233 173 74 219 159 61 219 159 61 219 159 61 
0 0 0 0 0 0 0 0 0 0 0 0 0 0 0 0 0 0 245 186 93 233 173 74 233 173 74 219 159 61 219 159 61 219 159 61 233 173 74 
0 0 0 0 0 0 0 0 0 0 0 0 0 0 0 0 0 0 233 173 74 233 173 74 219 159 61 219 159 61 219 159 61 233 173 74 245 186 93 
0 0 0 0 0 0 0 0 0 0 0 0 0 0 0 0 0 0 233 173 74 219 159 61 219 159 61 233 173 74 245 186 93 245 186 93 233 173 74 
0 0 0 0 0 0 0 0 0 0 0 0 0 0 0 0 0 0 233 173 74 233 173 74 233 173 74 245 186 93 245 186 93 233 173 74 233 173 74 
0 0 0 0 0 0 0 0 0 0 0 0 0 0 0 0 0 0 233 173 74 233 173 74 245 186 93 245 186 93 233 173 74 245 186 93 233 173 74 
0 0 0 0 0 0 0 0 0 0 0 0 0 0 0 0 0 0 233 173 74 233 173 74 245 186 93 233 173 74 233 173 74 245 186 93 245 186 93 
0 0 0 0 0 0 0 0 0 0 0 0 0 0 0 0 0 0 233 173 74 233 173 74 233 173 74 233 173 74 245 186 93 245 186 93 233 173 74 
0 0 0 0 0 0 0 0 0 0 0 0 0 0 0 0 0 0 233 173 74 233 173 74 233 173 74 245 186 93 245 186 93 233 173 74 203 147 55 
