10 10
0 0 0 36 36 49 36 36 49 0 0 0 0 0 0 0 0 0 0 0 0 36 36 49 36 36 49 0 0 0 
0 0 0 36 36 49 36 36 49 0 0 0 0 0 0 0 0 0 0 0 0 36 36 49 36 36 49 0 0 0 
28 24 39 28 24 39 28 24 39 28 24 39 28 24 39 28 24 39 28 24 39 28 24 39 28 24 39 28 24 39 
28 24 39 28 24 39 28 24 39 28 24 39 28 24 39 28 24 39 28 24 39 28 24 39 28 24 39 28 24 39 
234 234 234 234 234 234 90 157 18 90 157 18 28 24 39 28 24 39 90 157 18 90 157 18 234 234 234 234 234 234 
234 234 234 234 234 234 90 157 18 90 157 18 28 24 39 28 24 39 90 157 18 90 157 18 234 234 234 234 234 234 
28 24 39 28 24 39 86 83 95 86 83 95 190 115 115 190 115 115 86 83 95 86 83 95 28 24 39 28 24 39 
28 24 39 28 24 39 86 83 95 86 83 95 190 115 115 190 115 115 86 83 95 86 83 95 28 24 39 28 24 39 
28 24 39 28 24 39 175 175 176 175 175 176 175 175 176 175 175 176 175 175 176 175 175 176 28 24 39 28 24 39 
28 24 39 28 24 39 175 175 176 175 175 176 175 175 176 175 175 176 175 175 176 175 175 176 28 24 39 28 24 39 
