[38;2;255;255;255m[48;2;255;255;255m██[0m[38;2;255;255;255m[48;2;255;255;255m██[0m[38;2;255;255;255m[48;2;255;255;255m██[0m[38;2;255;255;255m[48;2;255;255;255m██[0m[38;2;255;255;255m[48;2;255;255;255m██[0m[38;2;255;255;255m[48;2;255;255;255m██[0m[38;2;255;255;255m[48;2;255;255;255m██[0m[38;2;255;255;255m[48;2;255;255;255m██[0m
[38;2;255;255;255m[48;2;255;255;255m██[0m[38;2;255;255;255m[48;2;255;255;255m██[0m[38;2;255;255;255m[48;2;255;255;255m██[0m[38;2;255;255;255m[48;2;255;255;255m██[0m[38;2;255;255;255m[48;2;255;255;255m██[0m[38;2;255;255;255m[48;2;255;255;255m██[0m[38;2;255;255;255m[48;2;255;255;255m██[0m[38;2;255;255;255m[48;2;255;255;255m██[0m
[38;2;0;0;0m[48;2;0;0;0m██[0m[38;2;0;0;0m[48;2;0;0;0m██[0m[38;2;226;226;226m[48;2;226;226;226m██[0m[38;2;226;226;226m[48;2;226;226;226m██[0m[38;2;226;226;226m[48;2;226;226;226m██[0m[38;2;226;226;226m[48;2;226;226;226m██[0m[38;2;0;0;0m[48;2;0;0;0m██[0m[38;2;0;0;0m[48;2;0;0;0m██[0m
[38;2;0;0;0m[48;2;0;0;0m██[0m[38;2;0;0;0m[48;2;0;0;0m██[0m[38;2;226;226;226m[48;2;226;226;226m██[0m[38;2;226;226;226m[48;2;226;226;226m██[0m[38;2;226;226;226m[48;2;226;226;226m██[0m[38;2;226;226;226m[48;2;226;226;226m██[0m[38;2;0;0;0m[48;2;0;0;0m██[0m[38;2;0;0;0m[48;2;0;0;0m██[0m
[38;2;193;147;67m[48;2;193;147;67m██[0m[38;2;193;147;67m[48;2;193;147;67m██[0m[38;2;193;147;67m[48;2;193;147;67m██[0m[38;2;193;147;67m[48;2;193;147;67m██[0m[38;2;193;147;67m[48;2;193;147;67m██[0m[38;2;193;147;67m[48;2;193;147;67m██[0m[38;2;193;147;67m[48;2;193;147;67m██[0m[38;2;193;147;67m[48;2;193;147;67m██[0m
[38;2;193;147;67m[48;2;193;147;67m██[0m[38;2;193;147;67m[48;2;193;147;67m██[0m[38;2;193;147;67m[48;2;193;147;67m██[0m[38;2;193;147;67m[48;2;193;147;67m██[0m[38;2;193;147;67m[48;2;193;147;67m██[0m[38;2;193;147;67m[48;2;193;147;67m██[0m[38;2;193;147;67m[48;2;193;147;67m██[0m[38;2;193;147;67m[48;2;193;147;67m██[0m
[38;2;150;114;52m[48;2;150;114;52m██[0m[38;2;150;114;52m[48;2;150;114;52m██[0m[38;2;150;114;52m[48;2;150;114;52m██[0m[38;2;150;114;52m[48;2;150;114;52m██[0m[38;2;150;114;52m[48;2;150;114;52m██[0m[38;2;150;114;52m[48;2;150;114;52m██[0m[38;2;150;114;52m[48;2;150;114;52m██[0m[38;2;150;114;52m[48;2;150;114;52m██[0m
[38;2;150;114;52m[48;2;150;114;52m██[0m[38;2;150;114;52m[48;2;150;114;52m██[0m[38;2;150;114;52m[48;2;150;114;52m██[0m[38;2;150;114;52m[48;2;150;114;52m██[0m[38;2;150;114;52m[48;2;150;114;52m██[0m[38;2;150;114;52m[48;2;150;114;52m██[0m[38;2;150;114;52m[48;2;150;114;52m██[0m[38;2;150;114;52m[48;2;150;114;52m██[0m
[38;2;211;211;211m[48;2;211;211;211m██[0m[38;2;211;211;211m[48;2;211;211;211m██[0m[38;2;255;0;0m[48;2;255;0;0m██[0m[38;2;255;0;0m[48;2;255;0;0m██[0m[38;2;255;0;0m[48;2;255;0;0m██[0m[38;2;255;0;0m[48;2;255;0;0m██[0m[38;2;211;211;211m[48;2;211;211;211m██[0m[38;2;211;211;211m[48;2;211;211;211m██[0m
[38;2;211;211;211m[48;2;211;211;211m██[0m[38;2;211;211;211m[48;2;211;211;211m██[0m[38;2;255;0;0m[48;2;255;0;0m██[0m[38;2;255;0;0m[48;2;255;0;0m██[0m[38;2;255;0;0m[48;2;255;0;0m██[0m[38;2;255;0;0m[48;2;255;0;0m██[0m[38;2;211;211;211m[48;2;211;211;211m██[0m[38;2;211;211;211m[48;2;211;211;211m██[0m
[38;2;198;198;198m[48;2;198;198;198m██[0m[38;2;198;198;198m[48;2;198;198;198m██[0m[38;2;255;0;0m[48;2;255;0;0m██[0m[38;2;255;0;0m[48;2;255;0;0m██[0m[38;2;255;0;0m[48;2;255;0;0m██[0m[38;2;255;0;0m[48;2;255;0;0m██[0m[38;2;198;198;198m[48;2;198;198;198m██[0m[38;2;198;198;198m[48;2;198;198;198m██[0m
[38;2;198;198;198m[48;2;198;198;198m██[0m[38;2;198;198;198m[48;2;198;198;198m██[0m[38;2;255;0;0m[48;2;255;0;0m██[0m[38;2;255;0;0m[48;2;255;0;0m██[0m[38;2;255;0;0m[48;2;255;0;0m██[0m[38;2;255;0;0m[48;2;255;0;0m██[0m[38;2;198;198;198m[48;2;198;198;198m██[0m[38;2;198;198;198m[48;2;198;198;198m██[0m
