8 12
255 255 255 255 255 255 255 255 255 255 255 255 255 255 255 255 255 255 255 255 255 255 255 255 
255 255 255 255 255 255 255 255 255 255 255 255 255 255 255 255 255 255 255 255 255 255 255 255 
0 0 0 0 0 0 226 226 226 226 226 226 226 226 226 226 226 226 0 0 0 0 0 0 
0 0 0 0 0 0 226 226 226 226 226 226 226 226 226 226 226 226 0 0 0 0 0 0 
193 147 67 193 147 67 193 147 67 193 147 67 193 147 67 193 147 67 193 147 67 193 147 67 
193 147 67 193 147 67 193 147 67 193 147 67 193 147 67 193 147 67 193 147 67 193 147 67 
150 114 52 150 114 52 150 114 52 150 114 52 150 114 52 150 114 52 150 114 52 150 114 52 
150 114 52 150 114 52 150 114 52 150 114 52 150 114 52 150 114 52 150 114 52 150 114 52 
211 211 211 211 211 211 255 0 0 255 0 0 255 0 0 255 0 0 211 211 211 211 211 211 
211 211 211 211 211 211 255 0 0 255 0 0 255 0 0 255 0 0 211 211 211 211 211 211 
198 198 198 198 198 198 255 0 0 255 0 0 255 0 0 255 0 0 198 198 198 198 198 198 
198 198 198 198 198 198 255 0 0 255 0 0 255 0 0 255 0 0 198 198 198 198 198 198 
