10 9
112 112 112 -1 -1 -1 -1 -1 -1 -1 -1 -1 -1 -1 -1 -1 -1 -1 -1 -1 -1 -1 -1 -1 -1 -1 -1 112 112 112 
68 68 68 63 48 36 68 54 38 68 54 38 179 179 179 179 179 179 179 179 179 161 161 161 68 54 38 68 68 68 
51 51 51 63 48 36 68 54 38 68 54 38 179 179 179 179 179 179 179 179 179 68 54 38 63 48 36 51 51 51 
-1 -1 -1 201 201 201 201 201 201 68 54 38 161 161 161 179 179 179 63 48 36 201 201 201 201 201 201 -1 -1 -1 
-1 -1 -1 0 0 0 255 255 255 68 54 38 161 161 161 68 54 38 68 54 38 255 255 255 0 0 0 -1 -1 -1 
-1 -1 -1 68 54 38 68 54 38 68 54 38 68 54 38 68 54 38 68 54 38 68 54 38 68 54 38 -1 -1 -1 
-1 -1 -1 63 48 36 68 54 38 220 220 220 220 220 220 220 220 220 220 220 220 63 48 36 68 54 38 -1 -1 -1 
-1 -1 -1 63 48 36 220 220 220 0 0 0 96 96 96 96 96 96 0 0 0 220 220 220 63 48 36 -1 -1 -1 
-1 -1 -1 63 48 36 196 196 196 96 96 96 73 73 73 73 73 73 96 96 96 220 220 220 63 48 36 -1 -1 -1 
