14 12
-1 -1 -1 137 146 135 -1 -1 -1 -1 -1 -1 -1 -1 -1 -1 -1 -1 -1 -1 -1 67 59 57 -1 -1 -1 67 59 57 -1 -1 -1 -1 -1 -1 -1 -1 -1 -1 -1 -1 
137 146 135 -1 -1 -1 -1 -1 -1 -1 -1 -1 67 59 57 -1 -1 -1 94 83 80 58 51 49 67 59 57 67 59 57 -1 -1 -1 -1 -1 -1 -1 -1 -1 -1 -1 -1 
109 114 107 -1 -1 -1 -1 -1 -1 -1 -1 -1 67 59 57 94 83 80 110 100 98 78 67 64 94 83 80 78 67 64 -1 -1 -1 -1 -1 -1 137 146 135 -1 -1 -1 
109 114 107 137 146 135 -1 -1 -1 -1 -1 -1 94 83 80 110 100 98 94 83 80 78 67 64 110 100 98 67 59 57 -1 -1 -1 -1 -1 -1 -1 -1 -1 137 146 135 
-1 -1 -1 109 114 107 81 85 81 109 114 107 236 114 20 239 163 55 236 114 20 110 100 98 78 67 64 67 59 57 109 114 107 -1 -1 -1 -1 -1 -1 137 146 135 
-1 -1 -1 -1 -1 -1 122 128 119 -1 -1 -1 125 114 112 125 114 112 110 100 98 94 83 80 78 67 64 94 83 80 -1 -1 -1 122 128 119 137 146 135 -1 -1 -1 
-1 -1 -1 -1 -1 -1 -1 -1 -1 -1 -1 -1 94 83 80 110 100 98 94 83 80 236 114 20 239 163 55 236 114 20 -1 -1 -1 -1 -1 -1 -1 -1 -1 -1 -1 -1 
-1 -1 -1 -1 -1 -1 122 128 119 109 114 107 78 67 64 94 83 80 110 100 98 125 114 112 125 114 112 110 100 98 109 114 107 122 128 119 -1 -1 -1 -1 -1 -1 
-1 -1 -1 137 146 135 -1 -1 -1 -1 -1 -1 67 59 57 94 83 80 94 83 80 94 83 80 110 100 98 94 83 80 -1 -1 -1 -1 -1 -1 137 146 135 -1 -1 -1 
-1 -1 -1 137 146 135 -1 -1 -1 -1 -1 -1 67 59 57 236 114 20 239 163 55 236 114 20 94 83 80 78 67 64 -1 -1 -1 -1 -1 -1 137 146 135 -1 -1 -1 
-1 -1 -1 -1 -1 -1 137 146 135 -1 -1 -1 110 100 98 125 114 112 125 114 112 110 100 98 94 83 80 78 67 64 -1 -1 -1 137 146 135 -1 -1 -1 -1 -1 -1 
-1 -1 -1 -1 -1 -1 -1 -1 -1 -1 -1 -1 78 67 64 94 83 80 110 100 98 94 83 80 78 67 64 78 67 64 -1 -1 -1 122 128 119 -1 -1 -1 -1 -1 -1 
