16 21
-1 -1 -1 -1 -1 -1 -1 -1 -1 82 82 82 82 82 82 -1 -1 -1 -1 -1 -1 -1 -1 -1 -1 -1 -1 -1 -1 -1 -1 -1 -1 82 82 82 82 82 82 -1 -1 -1 -1 -1 -1 -1 -1 -1 
-1 -1 -1 -1 -1 -1 -1 -1 -1 68 68 68 64 64 64 -1 -1 -1 -1 -1 -1 -1 -1 -1 -1 -1 -1 -1 -1 -1 -1 -1 -1 64 64 64 68 68 68 -1 -1 -1 -1 -1 -1 -1 -1 -1 
-1 -1 -1 -1 -1 -1 -1 -1 -1 72 72 72 64 64 64 -1 -1 -1 -1 -1 -1 -1 -1 -1 -1 -1 -1 -1 -1 -1 -1 -1 -1 64 64 64 72 72 72 -1 -1 -1 -1 -1 -1 -1 -1 -1 
-1 -1 -1 -1 -1 -1 -1 -1 -1 64 64 64 68 68 68 -1 -1 -1 -1 -1 -1 -1 -1 -1 -1 -1 -1 -1 -1 -1 -1 -1 -1 68 68 68 64 64 64 -1 -1 -1 -1 -1 -1 -1 -1 -1 
22 22 22 23 23 23 23 23 23 23 23 23 22 22 22 23 23 23 23 23 23 23 23 23 22 22 22 23 23 23 23 23 23 23 23 23 22 22 22 23 23 23 23 23 23 23 23 23 
22 22 22 35 35 35 35 35 35 35 35 35 32 32 32 28 28 28 24 24 24 24 24 24 22 22 22 24 24 24 28 28 28 28 28 28 32 32 32 35 35 35 35 35 35 24 24 24 
23 23 23 22 22 22 22 22 22 22 22 22 23 23 23 32 32 32 26 26 26 26 26 26 27 27 27 26 26 26 32 32 32 32 32 32 23 23 23 22 22 22 22 22 22 22 22 22 
23 23 23 28 28 28 26 26 26 23 23 23 23 23 23 23 23 23 32 32 32 28 28 28 28 28 28 34 34 34 22 22 22 23 23 23 23 23 23 28 28 28 26 26 26 23 23 23 
24 24 24 28 28 28 224 121 250 204 0 250 224 121 250 24 24 24 32 32 32 28 28 28 28 28 28 35 35 35 22 22 22 224 121 250 204 0 250 224 121 250 26 26 26 24 24 24 
22 22 22 26 26 26 224 121 250 17 17 17 16 16 16 224 121 250 23 23 23 26 26 26 26 26 26 22 22 22 224 121 250 16 16 16 17 17 17 224 121 250 27 27 27 22 22 22 
22 22 22 28 28 28 28 28 28 18 18 18 16 16 16 28 28 28 28 28 28 28 28 28 26 26 26 28 28 28 28 28 28 16 16 16 18 18 18 28 28 28 28 28 28 23 23 23 
22 22 22 24 24 24 17 17 17 16 16 16 16 16 16 16 16 16 17 17 17 16 16 16 16 16 16 16 16 16 17 17 17 16 16 16 16 16 16 16 16 16 24 24 24 24 24 24 
23 23 23 22 22 22 17 17 17 17 17 17 16 16 16 17 17 17 20 20 20 20 20 20 19 19 19 20 20 20 20 20 20 17 17 17 16 16 16 17 17 17 22 22 22 22 22 22 
23 23 23 23 23 23 18 18 18 20 20 20 19 19 19 20 20 20 20 20 20 20 20 20 19 19 19 20 20 20 20 20 20 20 20 20 19 19 19 18 18 18 22 22 22 23 23 23 
24 24 24 24 24 24 16 16 16 16 16 16 20 20 20 19 19 19 16 16 16 16 16 16 17 17 17 19 19 19 19 19 19 19 19 19 17 17 17 16 16 16 22 22 22 24 24 24 
22 22 22 22 22 22 16 16 16 17 17 17 17 17 17 17 17 17 16 16 16 17 17 17 17 17 17 17 17 17 16 16 16 17 17 17 17 17 17 17 17 17 23 23 23 22 22 22 
22 22 22 23 23 23 23 23 23 14 14 14 9 9 9 9 9 9 9 9 9 9 9 9 9 9 9 9 9 9 9 9 9 9 9 9 14 14 14 23 23 23 23 23 23 23 23 23 
22 22 22 24 24 24 15 15 15 15 15 15 16 16 16 15 15 15 15 15 15 15 15 15 16 16 16 15 15 15 15 15 15 15 15 15 16 16 16 15 15 15 24 24 24 24 24 24 
23 23 23 22 22 22 15 15 15 16 16 16 16 16 16 16 16 16 18 18 18 19 19 19 19 19 19 19 19 19 18 18 18 16 16 16 16 16 16 16 16 16 22 22 22 22 22 22 
23 23 23 23 23 23 15 15 15 17 17 17 19 19 19 19 19 19 15 15 15 17 17 17 17 17 17 19 19 19 18 18 18 19 19 19 17 17 17 17 17 17 22 22 22 23 23 23 
-1 -1 -1 -1 -1 -1 16 16 16 15 15 15 15 15 15 15 15 15 16 16 16 15 15 15 15 15 15 15 15 15 16 16 16 15 15 15 15 15 15 15 15 15 -1 -1 -1 -1 -1 -1 
