16 16
249 249 249 249 249 249 249 249 249 249 249 249 249 249 249 240 240 240 240 240 240 240 240 240 249 249 249 249 249 249 240 240 240 240 240 240 240 240 240 249 249 249 249 249 249 249 249 249 
249 249 249 240 240 240 240 240 240 240 240 240 240 240 240 221 218 218 240 240 240 240 240 240 240 240 240 240 240 240 221 218 218 240 240 240 240 240 240 240 240 240 240 240 240 249 249 249 
249 249 249 240 240 240 240 240 240 221 218 218 216 204 204 240 240 240 240 240 240 240 240 240 240 240 240 240 240 240 240 240 240 216 204 204 221 218 218 240 240 240 240 240 240 249 249 249 
249 249 249 240 240 240 240 240 240 240 240 240 240 240 240 240 240 240 240 240 240 240 240 240 240 240 240 240 240 240 240 240 240 240 240 240 240 240 240 240 240 240 240 240 240 249 249 249 
240 240 240 240 240 240 240 240 240 240 240 240 240 240 240 240 240 240 240 240 240 240 240 240 240 240 240 240 240 240 240 240 240 240 240 240 240 240 240 240 240 240 240 240 240 240 240 240 
240 240 240 240 240 240 221 218 218 115 115 115 115 115 115 115 115 115 157 153 153 228 226 226 228 226 226 157 153 153 115 115 115 115 115 115 115 115 115 221 218 218 240 240 240 240 240 240 
249 249 249 240 240 240 240 240 240 240 240 240 216 204 204 221 218 218 255 255 255 240 240 240 240 240 240 255 255 255 221 218 218 216 204 204 240 240 240 240 240 240 240 240 240 249 249 249 
255 255 255 240 240 240 240 240 240 240 240 240 216 204 204 240 240 240 255 255 255 240 240 240 240 240 240 255 255 255 240 240 240 221 218 218 240 240 240 240 240 240 240 240 240 240 240 240 
249 249 249 240 240 240 240 240 240 240 240 240 221 218 218 240 240 240 240 240 240 240 240 240 240 240 240 240 240 240 240 240 240 240 240 240 240 240 240 240 240 240 240 240 240 249 249 249 
221 218 218 221 218 218 228 226 226 240 240 240 240 240 240 240 240 240 240 240 240 240 240 240 240 240 240 240 240 240 240 240 240 221 218 218 240 240 240 228 226 226 221 218 218 221 218 218 
249 249 249 249 249 249 240 240 240 240 240 240 221 218 218 240 240 240 240 240 240 240 240 240 240 240 240 240 240 240 240 240 240 240 240 240 240 240 240 240 240 240 249 249 249 249 249 249 
221 218 218 228 226 226 240 240 240 240 240 240 240 240 240 240 240 240 240 240 240 240 240 240 240 240 240 240 240 240 240 240 240 240 240 240 240 240 240 240 240 240 228 226 226 221 218 218 
249 249 249 240 240 240 240 240 240 240 240 240 240 240 240 240 240 240 157 153 153 115 115 115 115 115 115 157 153 153 240 240 240 240 240 240 240 240 240 240 240 240 240 240 240 249 249 249 
228 226 226 240 240 240 240 240 240 240 240 240 240 240 240 240 240 240 240 240 240 240 240 240 240 240 240 240 240 240 240 240 240 240 240 240 240 240 240 240 240 240 240 240 240 228 226 226 
240 240 240 240 240 240 240 240 240 240 240 240 240 240 240 240 240 240 240 240 240 240 240 240 240 240 240 240 240 240 240 240 240 240 240 240 240 240 240 240 240 240 240 240 240 240 240 240 
249 249 249 249 249 249 249 249 249 249 249 249 249 249 249 240 240 240 249 249 249 249 249 249 249 249 249 249 249 249 240 240 240 249 249 249 249 249 249 249 249 249 249 249 249 249 249 249 
