12 16
9 86 86 9 86 86 18 109 110 18 109 110 18 109 110 18 109 110 18 109 110 18 109 110 18 109 110 18 109 110 9 86 86 9 86 86 
9 86 86 18 109 110 34 127 128 58 181 178 47 151 153 47 151 153 47 151 153 47 151 153 47 151 153 18 109 110 18 109 110 9 86 86 
18 109 110 18 109 110 47 151 153 50 161 161 50 161 161 50 161 161 50 161 161 50 161 161 47 151 153 47 151 153 18 109 110 18 109 110 
18 109 110 34 127 128 47 151 153 50 161 161 50 161 161 50 161 161 50 161 161 50 161 161 50 161 161 58 181 178 18 109 110 18 109 110 
18 109 110 47 151 153 50 161 161 50 161 161 50 161 161 50 161 161 50 161 161 50 161 161 50 161 161 47 151 153 34 127 128 18 109 110 
18 109 110 0 72 72 0 72 72 50 161 161 47 151 153 50 161 161 50 161 161 50 161 161 50 161 161 47 151 153 34 127 128 18 109 110 
40 140 141 198 255 223 198 255 223 50 161 161 50 161 161 50 161 161 50 161 161 50 161 161 50 161 161 0 72 72 0 72 72 18 109 110 
58 181 178 128 255 192 198 255 223 50 161 161 50 161 161 50 161 161 50 161 161 50 161 161 50 161 161 198 255 223 198 255 223 40 140 141 
58 181 178 100 217 204 100 217 204 50 161 161 50 161 161 50 161 161 50 161 161 47 151 153 50 161 161 198 255 223 128 255 192 58 181 178 
18 109 110 47 151 153 50 161 161 50 161 161 50 161 161 50 161 161 50 161 161 50 161 161 50 161 161 100 217 204 100 217 204 58 181 178 
18 109 110 47 151 153 40 140 141 50 161 161 50 161 161 50 161 161 50 161 161 50 161 161 50 161 161 47 151 153 40 140 141 18 109 110 
9 86 86 47 151 153 50 161 161 50 161 161 50 161 161 50 161 161 50 161 161 198 255 223 198 255 223 50 161 161 40 140 141 18 109 110 
18 109 110 47 151 153 47 151 153 47 151 153 34 127 128 50 161 161 50 161 161 198 255 223 198 255 223 58 181 178 34 127 128 18 109 110 
18 109 110 18 109 110 40 140 141 47 151 153 47 151 153 50 161 161 50 161 161 100 217 204 100 217 204 34 127 128 34 127 128 18 109 110 
9 86 86 18 109 110 18 109 110 34 127 128 40 140 141 40 140 141 40 140 141 40 140 141 40 140 141 34 127 128 18 109 110 18 109 110 
9 86 86 9 86 86 18 109 110 18 109 110 18 109 110 9 86 86 9 86 86 18 109 110 18 109 110 9 86 86 18 109 110 9 86 86 
