8 12
19 88 147 19 88 147 19 88 147 19 88 147 19 88 147 19 88 147 19 88 147 19 88 147 
17 81 135 111 145 167 17 81 135 19 88 147 19 88 147 17 81 135 111 145 167 17 81 135 
13 75 126 17 81 135 17 81 135 13 75 126 13 75 126 13 75 126 13 75 126 13 75 126 
13 75 126 14 63 104 11 50 85 11 50 85 11 50 85 11 50 85 14 63 104 13 75 126 
13 75 126 14 63 104 11 50 85 11 50 85 11 50 85 11 50 85 14 63 104 13 75 126 
11 50 85 57 57 57 132 137 137 142 147 147 142 147 147 132 137 137 57 57 57 11 50 85 
37 37 37 57 57 57 57 57 57 147 153 153 147 153 153 57 57 57 57 57 57 37 37 37 
142 147 147 255 255 255 50 81 102 142 147 147 142 147 147 50 81 102 255 255 255 142 147 147 
115 121 121 136 142 142 144 150 150 104 110 110 104 110 110 147 153 153 136 142 142 115 121 121 
115 121 121 136 142 142 82 88 88 91 97 97 104 110 110 82 88 88 136 142 142 115 121 121 
104 110 110 136 142 142 82 88 88 104 110 110 104 110 110 82 88 88 136 142 142 104 110 110 
-1 -1 -1 -1 -1 -1 -1 -1 -1 104 110 110 104 110 110 -1 -1 -1 -1 -1 -1 -1 -1 -1 
