8 11
208 208 208 208 208 208 214 214 214 214 214 214 214 214 214 214 214 214 208 208 208 208 208 208 
197 197 197 208 208 208 208 208 208 208 208 208 208 208 208 208 208 208 208 208 208 197 197 197 
194 164 141 194 164 141 207 177 152 207 177 152 207 177 152 207 177 152 194 164 141 194 164 141 
207 177 152 210 188 170 219 205 194 219 205 194 219 205 194 219 205 194 210 188 170 207 177 152 
87 64 48 87 64 48 87 64 48 87 64 48 87 64 48 87 64 48 87 64 48 87 64 48 
219 205 194 30 0 14 30 0 14 219 205 194 207 177 152 30 0 14 30 0 14 207 177 152 
210 188 170 141 0 42 30 0 14 207 177 152 207 177 152 30 0 14 141 0 42 210 188 170 
219 205 194 129 98 76 129 98 76 173 161 154 157 143 136 129 98 76 129 98 76 219 205 194 
219 205 194 210 188 170 219 205 194 157 143 136 141 124 115 207 177 152 207 177 152 219 205 194 
219 205 194 219 205 194 219 205 194 156 144 137 131 113 104 219 205 194 219 205 194 219 205 194 
0 0 0 0 0 0 0 0 0 131 113 104 131 113 104 0 0 0 0 0 0 0 0 0 
