[38;2;208;208;208m[48;2;208;208;208m██[0m[38;2;208;208;208m[48;2;208;208;208m██[0m[38;2;214;214;214m[48;2;214;214;214m██[0m[38;2;214;214;214m[48;2;214;214;214m██[0m[38;2;214;214;214m[48;2;214;214;214m██[0m[38;2;214;214;214m[48;2;214;214;214m██[0m[38;2;208;208;208m[48;2;208;208;208m██[0m[38;2;208;208;208m[48;2;208;208;208m██[0m
[38;2;197;197;197m[48;2;197;197;197m██[0m[38;2;208;208;208m[48;2;208;208;208m██[0m[38;2;208;208;208m[48;2;208;208;208m██[0m[38;2;208;208;208m[48;2;208;208;208m██[0m[38;2;208;208;208m[48;2;208;208;208m██[0m[38;2;208;208;208m[48;2;208;208;208m██[0m[38;2;208;208;208m[48;2;208;208;208m██[0m[38;2;197;197;197m[48;2;197;197;197m██[0m
[38;2;194;164;141m[48;2;194;164;141m██[0m[38;2;194;164;141m[48;2;194;164;141m██[0m[38;2;207;177;152m[48;2;207;177;152m██[0m[38;2;207;177;152m[48;2;207;177;152m██[0m[38;2;207;177;152m[48;2;207;177;152m██[0m[38;2;207;177;152m[48;2;207;177;152m██[0m[38;2;194;164;141m[48;2;194;164;141m██[0m[38;2;194;164;141m[48;2;194;164;141m██[0m
[38;2;207;177;152m[48;2;207;177;152m██[0m[38;2;210;188;170m[48;2;210;188;170m██[0m[38;2;219;205;194m[48;2;219;205;194m██[0m[38;2;219;205;194m[48;2;219;205;194m██[0m[38;2;219;205;194m[48;2;219;205;194m██[0m[38;2;219;205;194m[48;2;219;205;194m██[0m[38;2;210;188;170m[48;2;210;188;170m██[0m[38;2;207;177;152m[48;2;207;177;152m██[0m
[38;2;87;64;48m[48;2;87;64;48m██[0m[38;2;87;64;48m[48;2;87;64;48m██[0m[38;2;87;64;48m[48;2;87;64;48m██[0m[38;2;87;64;48m[48;2;87;64;48m██[0m[38;2;87;64;48m[48;2;87;64;48m██[0m[38;2;87;64;48m[48;2;87;64;48m██[0m[38;2;87;64;48m[48;2;87;64;48m██[0m[38;2;87;64;48m[48;2;87;64;48m██[0m
[38;2;219;205;194m[48;2;219;205;194m██[0m[38;2;30;0;14m[48;2;30;0;14m██[0m[38;2;30;0;14m[48;2;30;0;14m██[0m[38;2;219;205;194m[48;2;219;205;194m██[0m[38;2;207;177;152m[48;2;207;177;152m██[0m[38;2;30;0;14m[48;2;30;0;14m██[0m[38;2;30;0;14m[48;2;30;0;14m██[0m[38;2;207;177;152m[48;2;207;177;152m██[0m
[38;2;210;188;170m[48;2;210;188;170m██[0m[38;2;141;0;42m[48;2;141;0;42m██[0m[38;2;30;0;14m[48;2;30;0;14m██[0m[38;2;207;177;152m[48;2;207;177;152m██[0m[38;2;207;177;152m[48;2;207;177;152m██[0m[38;2;30;0;14m[48;2;30;0;14m██[0m[38;2;141;0;42m[48;2;141;0;42m██[0m[38;2;210;188;170m[48;2;210;188;170m██[0m
[38;2;219;205;194m[48;2;219;205;194m██[0m[38;2;129;98;76m[48;2;129;98;76m██[0m[38;2;129;98;76m[48;2;129;98;76m██[0m[38;2;173;161;154m[48;2;173;161;154m██[0m[38;2;157;143;136m[48;2;157;143;136m██[0m[38;2;129;98;76m[48;2;129;98;76m██[0m[38;2;129;98;76m[48;2;129;98;76m██[0m[38;2;219;205;194m[48;2;219;205;194m██[0m
[38;2;219;205;194m[48;2;219;205;194m██[0m[38;2;210;188;170m[48;2;210;188;170m██[0m[38;2;219;205;194m[48;2;219;205;194m██[0m[38;2;157;143;136m[48;2;157;143;136m██[0m[38;2;141;124;115m[48;2;141;124;115m██[0m[38;2;207;177;152m[48;2;207;177;152m██[0m[38;2;207;177;152m[48;2;207;177;152m██[0m[38;2;219;205;194m[48;2;219;205;194m██[0m
[38;2;219;205;194m[48;2;219;205;194m██[0m[38;2;219;205;194m[48;2;219;205;194m██[0m[38;2;219;205;194m[48;2;219;205;194m██[0m[38;2;156;144;137m[48;2;156;144;137m██[0m[38;2;131;113;104m[48;2;131;113;104m██[0m[38;2;219;205;194m[48;2;219;205;194m██[0m[38;2;219;205;194m[48;2;219;205;194m██[0m[38;2;219;205;194m[48;2;219;205;194m██[0m
[38;2;0;0;0m[48;2;0;0;0m██[0m[38;2;0;0;0m[48;2;0;0;0m██[0m[38;2;0;0;0m[48;2;0;0;0m██[0m[38;2;131;113;104m[48;2;131;113;104m██[0m[38;2;131;113;104m[48;2;131;113;104m██[0m[38;2;0;0;0m[48;2;0;0;0m██[0m[38;2;0;0;0m[48;2;0;0;0m██[0m[38;2;0;0;0m[48;2;0;0;0m██[0m
