8 10
245 226 184 241 220 175 245 226 184 0 0 0 0 0 0 245 226 184 241 220 175 245 226 184 
241 220 175 165 137 102 241 220 175 0 0 0 0 0 0 241 220 175 165 137 102 241 220 175 
241 220 175 227 202 149 241 220 175 0 0 0 0 0 0 241 220 175 227 202 149 241 220 175 
241 220 175 245 226 184 245 226 184 245 226 184 245 226 184 245 226 184 245 226 184 241 220 175 
245 226 184 196 162 121 196 162 121 252 235 198 252 235 198 196 162 121 196 162 121 252 235 198 
252 235 198 51 41 35 252 235 198 252 235 198 252 235 198 252 235 198 51 41 35 252 235 198 
252 235 198 241 220 175 99 81 61 245 226 184 245 226 184 99 81 61 241 220 175 252 235 198 
245 226 184 245 226 184 245 226 184 204 169 126 204 169 126 245 226 184 241 220 175 245 226 184 
245 226 184 245 226 184 175 145 109 165 137 102 165 137 102 175 145 109 245 226 184 245 226 184 
245 226 184 241 220 175 241 220 175 245 226 184 245 226 184 241 220 175 245 226 184 241 220 175 
