[38;2;245;226;184m[48;2;245;226;184m██[0m[38;2;241;220;175m[48;2;241;220;175m██[0m[38;2;245;226;184m[48;2;245;226;184m██[0m[38;2;0;0;0m[48;2;0;0;0m██[0m[38;2;0;0;0m[48;2;0;0;0m██[0m[38;2;245;226;184m[48;2;245;226;184m██[0m[38;2;241;220;175m[48;2;241;220;175m██[0m[38;2;245;226;184m[48;2;245;226;184m██[0m
[38;2;241;220;175m[48;2;241;220;175m██[0m[38;2;165;137;102m[48;2;165;137;102m██[0m[38;2;241;220;175m[48;2;241;220;175m██[0m[38;2;0;0;0m[48;2;0;0;0m██[0m[38;2;0;0;0m[48;2;0;0;0m██[0m[38;2;241;220;175m[48;2;241;220;175m██[0m[38;2;165;137;102m[48;2;165;137;102m██[0m[38;2;241;220;175m[48;2;241;220;175m██[0m
[38;2;241;220;175m[48;2;241;220;175m██[0m[38;2;227;202;149m[48;2;227;202;149m██[0m[38;2;241;220;175m[48;2;241;220;175m██[0m[38;2;0;0;0m[48;2;0;0;0m██[0m[38;2;0;0;0m[48;2;0;0;0m██[0m[38;2;241;220;175m[48;2;241;220;175m██[0m[38;2;227;202;149m[48;2;227;202;149m██[0m[38;2;241;220;175m[48;2;241;220;175m██[0m
[38;2;241;220;175m[48;2;241;220;175m██[0m[38;2;245;226;184m[48;2;245;226;184m██[0m[38;2;245;226;184m[48;2;245;226;184m██[0m[38;2;245;226;184m[48;2;245;226;184m██[0m[38;2;245;226;184m[48;2;245;226;184m██[0m[38;2;245;226;184m[48;2;245;226;184m██[0m[38;2;245;226;184m[48;2;245;226;184m██[0m[38;2;241;220;175m[48;2;241;220;175m██[0m
[38;2;245;226;184m[48;2;245;226;184m██[0m[38;2;196;162;121m[48;2;196;162;121m██[0m[38;2;196;162;121m[48;2;196;162;121m██[0m[38;2;252;235;198m[48;2;252;235;198m██[0m[38;2;252;235;198m[48;2;252;235;198m██[0m[38;2;196;162;121m[48;2;196;162;121m██[0m[38;2;196;162;121m[48;2;196;162;121m██[0m[38;2;252;235;198m[48;2;252;235;198m██[0m
[38;2;252;235;198m[48;2;252;235;198m██[0m[38;2;51;41;35m[48;2;51;41;35m██[0m[38;2;252;235;198m[48;2;252;235;198m██[0m[38;2;252;235;198m[48;2;252;235;198m██[0m[38;2;252;235;198m[48;2;252;235;198m██[0m[38;2;252;235;198m[48;2;252;235;198m██[0m[38;2;51;41;35m[48;2;51;41;35m██[0m[38;2;252;235;198m[48;2;252;235;198m██[0m
[38;2;252;235;198m[48;2;252;235;198m██[0m[38;2;241;220;175m[48;2;241;220;175m██[0m[38;2;99;81;61m[48;2;99;81;61m██[0m[38;2;245;226;184m[48;2;245;226;184m██[0m[38;2;245;226;184m[48;2;245;226;184m██[0m[38;2;99;81;61m[48;2;99;81;61m██[0m[38;2;241;220;175m[48;2;241;220;175m██[0m[38;2;252;235;198m[48;2;252;235;198m██[0m
[38;2;245;226;184m[48;2;245;226;184m██[0m[38;2;245;226;184m[48;2;245;226;184m██[0m[38;2;245;226;184m[48;2;245;226;184m██[0m[38;2;204;169;126m[48;2;204;169;126m██[0m[38;2;204;169;126m[48;2;204;169;126m██[0m[38;2;245;226;184m[48;2;245;226;184m██[0m[38;2;241;220;175m[48;2;241;220;175m██[0m[38;2;245;226;184m[48;2;245;226;184m██[0m
[38;2;245;226;184m[48;2;245;226;184m██[0m[38;2;245;226;184m[48;2;245;226;184m██[0m[38;2;175;145;109m[48;2;175;145;109m██[0m[38;2;165;137;102m[48;2;165;137;102m██[0m[38;2;165;137;102m[48;2;165;137;102m██[0m[38;2;175;145;109m[48;2;175;145;109m██[0m[38;2;245;226;184m[48;2;245;226;184m██[0m[38;2;245;226;184m[48;2;245;226;184m██[0m
[38;2;245;226;184m[48;2;245;226;184m██[0m[38;2;241;220;175m[48;2;241;220;175m██[0m[38;2;241;220;175m[48;2;241;220;175m██[0m[38;2;245;226;184m[48;2;245;226;184m██[0m[38;2;245;226;184m[48;2;245;226;184m██[0m[38;2;241;220;175m[48;2;241;220;175m██[0m[38;2;245;226;184m[48;2;245;226;184m██[0m[38;2;241;220;175m[48;2;241;220;175m██[0m
