10 9
112 112 112 0 0 0 0 0 0 0 0 0 0 0 0 0 0 0 0 0 0 0 0 0 0 0 0 112 112 112 
68 68 68 160 15 16 168 16 18 168 16 18 179 179 179 179 179 179 179 179 179 161 161 161 168 16 18 68 68 68 
51 51 51 160 15 16 168 16 18 168 16 18 179 179 179 179 179 179 179 179 179 168 16 18 160 15 16 51 51 51 
0 0 0 0 0 0 0 0 0 168 16 18 161 161 161 179 179 179 160 15 16 0 0 0 0 0 0 0 0 0 
0 0 0 0 0 0 0 0 0 168 16 18 161 161 161 168 16 18 168 16 18 0 0 0 0 0 0 0 0 0 
0 0 0 168 16 18 168 16 18 168 16 18 168 16 18 168 16 18 168 16 18 168 16 18 168 16 18 0 0 0 
0 0 0 160 15 16 168 16 18 220 220 220 220 220 220 220 220 220 220 220 220 160 15 16 168 16 18 0 0 0 
0 0 0 160 15 16 220 220 220 0 0 0 96 96 96 96 96 96 0 0 0 220 220 220 160 15 16 0 0 0 
0 0 0 160 15 16 196 196 196 96 96 96 73 73 73 73 73 73 96 96 96 220 220 220 160 15 16 0 0 0 
