8 11
46 34 31 46 34 31 47 35 32 51 39 36 46 34 31 46 34 31 46 34 31 38 27 25 
52 40 37 52 40 37 51 39 36 52 40 37 51 39 36 52 40 37 51 39 36 52 40 37 
52 40 37 45 33 30 40 28 25 45 33 30 40 28 25 45 33 30 45 33 30 52 40 37 
48 36 33 45 33 30 45 33 30 45 33 30 228 203 169 45 33 30 45 33 30 48 36 33 
45 33 30 45 33 30 228 203 169 235 211 179 235 211 179 228 203 169 45 33 30 40 28 25 
45 33 30 228 203 169 242 218 186 242 218 186 242 221 194 242 218 186 235 211 179 35 24 22 
45 33 30 251 251 251 81 42 6 242 218 186 242 221 194 81 42 6 251 251 251 45 33 30 
45 33 30 242 221 194 242 218 186 223 191 149 223 191 149 242 218 186 242 218 186 242 218 186 
235 211 179 242 218 186 242 221 194 223 191 149 223 191 149 242 221 194 242 221 194 235 211 179 
242 218 186 242 218 186 242 218 186 223 191 149 223 191 149 242 221 194 242 221 194 242 218 186 
0 0 0 0 0 0 0 0 0 223 191 149 223 191 149 0 0 0 0 0 0 0 0 0 
