10 10
-1 -1 -1 219 158 85 219 158 85 -1 -1 -1 -1 -1 -1 -1 -1 -1 -1 -1 -1 219 158 85 219 158 85 -1 -1 -1 
-1 -1 -1 219 158 85 219 158 85 -1 -1 -1 -1 -1 -1 -1 -1 -1 -1 -1 -1 219 158 85 219 158 85 -1 -1 -1 
219 158 85 219 158 85 181 135 75 181 135 75 240 203 116 240 203 116 181 135 75 181 135 75 219 158 85 219 158 85 
219 158 85 219 158 85 181 135 75 181 135 75 240 203 116 240 203 116 181 135 75 181 135 75 219 158 85 219 158 85 
255 255 253 255 255 253 31 111 50 31 111 50 240 203 116 240 203 116 31 111 50 31 111 50 255 255 253 255 255 253 
255 255 253 255 255 253 31 111 50 31 111 50 240 203 116 240 203 116 31 111 50 31 111 50 255 255 253 255 255 253 
242 209 154 242 209 154 242 209 154 242 209 154 142 85 42 142 85 42 242 209 154 242 209 154 242 209 154 242 209 154 
242 209 154 242 209 154 242 209 154 242 209 154 142 85 42 142 85 42 242 209 154 242 209 154 242 209 154 242 209 154 
255 221 116 255 221 116 240 203 116 240 203 116 240 203 116 240 203 116 240 203 116 240 203 116 255 221 116 255 221 116 
255 221 116 255 221 116 240 203 116 240 203 116 240 203 116 240 203 116 240 203 116 240 203 116 255 221 116 255 221 116 
