17 13
27 27 34 27 27 34 27 27 34 19 19 25 19 19 25 -1 -1 -1 -1 -1 -1 -1 -1 -1 -1 -1 -1 -1 -1 -1 -1 -1 -1 -1 -1 -1 27 27 34 27 27 34 27 27 34 19 19 25 19 19 25 
27 27 34 0 0 0 0 0 0 10 10 13 19 19 25 -1 -1 -1 -1 -1 -1 -1 -1 -1 -1 -1 -1 -1 -1 -1 -1 -1 -1 -1 -1 -1 27 27 34 0 0 0 0 0 0 10 10 13 19 19 25 
19 19 25 0 0 0 10 10 13 10 10 13 19 19 25 -1 -1 -1 -1 -1 -1 -1 -1 -1 -1 -1 -1 -1 -1 -1 -1 -1 -1 -1 -1 -1 19 19 25 0 0 0 10 10 13 10 10 13 19 19 25 
10 10 13 10 10 13 231 231 231 231 231 231 231 231 231 231 231 231 231 231 231 231 231 231 231 231 231 231 231 231 231 231 231 231 231 231 231 231 231 231 231 231 231 231 231 10 10 13 10 10 13 
-1 -1 -1 -1 -1 -1 231 231 231 19 19 25 27 27 34 27 27 34 217 217 215 231 231 231 231 231 231 231 231 231 217 217 215 27 27 34 27 27 34 19 19 25 231 231 231 -1 -1 -1 -1 -1 -1 
-1 -1 -1 -1 -1 -1 19 19 25 27 27 34 27 27 34 27 27 34 27 27 34 231 231 231 231 231 231 231 231 231 27 27 34 27 27 34 27 27 34 27 27 34 19 19 25 -1 -1 -1 -1 -1 -1 
-1 -1 -1 -1 -1 -1 27 27 34 27 27 34 19 19 25 19 19 25 27 27 34 217 217 215 231 231 231 217 217 215 27 27 34 19 19 25 19 19 25 27 27 34 27 27 34 -1 -1 -1 -1 -1 -1 
-1 -1 -1 -1 -1 -1 27 27 34 19 19 25 255 255 255 63 64 67 19 19 25 146 146 146 217 217 215 146 146 146 19 19 25 63 64 67 255 255 255 19 19 25 27 27 34 -1 -1 -1 -1 -1 -1 
-1 -1 -1 -1 -1 -1 27 27 34 27 27 34 19 19 25 231 231 231 231 231 231 27 27 34 27 27 34 27 27 34 231 231 231 231 231 231 19 19 25 27 27 34 27 27 34 -1 -1 -1 -1 -1 -1 
-1 -1 -1 -1 -1 -1 27 27 34 19 19 25 146 146 146 231 231 231 231 231 231 10 10 13 27 27 34 10 10 13 231 231 231 231 231 231 146 146 146 19 19 25 27 27 34 -1 -1 -1 -1 -1 -1 
-1 -1 -1 -1 -1 -1 19 19 25 146 146 146 171 171 171 231 231 231 231 231 231 217 217 215 27 27 34 217 217 215 231 231 231 231 231 231 171 171 171 146 146 146 19 19 25 -1 -1 -1 -1 -1 -1 
-1 -1 -1 -1 -1 -1 217 217 215 171 171 171 171 171 171 217 217 215 231 231 231 171 171 171 171 171 171 171 171 171 231 231 231 217 217 215 171 171 171 171 171 171 217 217 215 -1 -1 -1 -1 -1 -1 
-1 -1 -1 -1 -1 -1 171 171 171 171 171 171 146 146 146 217 217 215 171 171 171 217 217 215 217 217 215 217 217 215 171 171 171 217 217 215 146 146 146 171 171 171 171 171 171 -1 -1 -1 -1 -1 -1 
