8 10
149 155 155 149 155 155 142 147 147 149 155 155 149 155 155 149 160 160 149 155 155 149 155 155 
149 155 155 149 155 155 142 147 147 149 155 155 149 155 155 149 155 155 149 155 155 149 155 155 
149 155 155 149 155 155 149 155 155 149 155 155 149 155 155 149 155 155 142 147 147 149 155 155 
149 155 155 142 147 147 142 147 147 142 147 147 142 147 147 142 147 147 142 147 147 142 147 147 
57 57 57 57 57 57 132 137 137 142 147 147 142 147 147 132 137 137 57 57 57 57 57 57 
37 37 37 57 57 57 57 57 57 147 153 153 147 153 153 57 57 57 57 57 57 37 37 37 
142 147 147 255 255 255 50 102 60 142 147 147 142 147 147 50 102 60 255 255 255 142 147 147 
115 121 121 136 142 142 144 150 150 104 110 110 104 110 110 147 153 153 136 142 142 115 121 121 
115 121 121 136 142 142 82 88 88 104 110 110 104 110 110 82 88 88 136 142 142 115 121 121 
104 110 110 136 142 142 82 88 88 104 110 110 104 110 110 82 88 88 136 142 142 104 110 110 
