[38;2;0;0;0m[48;2;0;0;0m██[0m[38;2;0;0;0m[48;2;0;0;0m██[0m[38;2;0;0;0m[48;2;0;0;0m██[0m[38;2;0;0;0m[48;2;0;0;0m██[0m[38;2;0;0;0m[48;2;0;0;0m██[0m[38;2;0;0;0m[48;2;0;0;0m██[0m[38;2;0;0;0m[48;2;0;0;0m██[0m[38;2;0;0;0m[48;2;0;0;0m██[0m[38;2;0;0;0m[48;2;0;0;0m██[0m[38;2;0;0;0m[48;2;0;0;0m██[0m[38;2;0;0;0m[48;2;0;0;0m██[0m[38;2;0;0;0m[48;2;0;0;0m██[0m
[38;2;0;0;0m[48;2;0;0;0m██[0m[38;2;0;0;0m[48;2;0;0;0m██[0m[38;2;143;98;20m[48;2;143;98;20m██[0m[38;2;0;0;0m[48;2;0;0;0m██[0m[38;2;143;98;20m[48;2;143;98;20m██[0m[38;2;89;89;23m[48;2;89;89;23m██[0m[38;2;143;98;20m[48;2;143;98;20m██[0m[38;2;0;0;0m[48;2;0;0;0m██[0m[38;2;143;98;20m[48;2;143;98;20m██[0m[38;2;0;0;0m[48;2;0;0;0m██[0m[38;2;0;0;0m[48;2;0;0;0m██[0m[38;2;0;0;0m[48;2;0;0;0m██[0m
[38;2;0;0;0m[48;2;0;0;0m██[0m[38;2;143;98;20m[48;2;143;98;20m██[0m[38;2;182;120;38m[48;2;182;120;38m██[0m[38;2;191;132;27m[48;2;191;132;27m██[0m[38;2;191;132;27m[48;2;191;132;27m██[0m[38;2;216;149;26m[48;2;216;149;26m██[0m[38;2;216;149;26m[48;2;216;149;26m██[0m[38;2;191;132;27m[48;2;191;132;27m██[0m[38;2;191;132;27m[48;2;191;132;27m██[0m[38;2;182;120;38m[48;2;182;120;38m██[0m[38;2;143;98;20m[48;2;143;98;20m██[0m[38;2;0;0;0m[48;2;0;0;0m██[0m
[38;2;66;155;186m[48;2;66;155;186m██[0m[38;2;126;168;189m[48;2;126;168;189m██[0m[38;2;182;120;38m[48;2;182;120;38m██[0m[38;2;29;44;38m[48;2;29;44;38m██[0m[38;2;250;250;250m[48;2;250;250;250m██[0m[38;2;182;120;38m[48;2;182;120;38m██[0m[38;2;182;120;38m[48;2;182;120;38m██[0m[38;2;250;250;250m[48;2;250;250;250m██[0m[38;2;29;44;38m[48;2;29;44;38m██[0m[38;2;182;120;38m[48;2;182;120;38m██[0m[38;2;126;168;189m[48;2;126;168;189m██[0m[38;2;66;155;186m[48;2;66;155;186m██[0m
[38;2;0;0;0m[48;2;0;0;0m██[0m[38;2;143;98;20m[48;2;143;98;20m██[0m[38;2;182;120;38m[48;2;182;120;38m██[0m[38;2;182;120;38m[48;2;182;120;38m██[0m[38;2;191;132;27m[48;2;191;132;27m██[0m[38;2;252;229;188m[48;2;252;229;188m██[0m[38;2;252;229;188m[48;2;252;229;188m██[0m[38;2;191;132;27m[48;2;191;132;27m██[0m[38;2;182;120;38m[48;2;182;120;38m██[0m[38;2;182;120;38m[48;2;182;120;38m██[0m[38;2;143;98;20m[48;2;143;98;20m██[0m[38;2;0;0;0m[48;2;0;0;0m██[0m
[38;2;0;0;0m[48;2;0;0;0m██[0m[38;2;0;0;0m[48;2;0;0;0m██[0m[38;2;210;164;77m[48;2;210;164;77m██[0m[38;2;191;132;27m[48;2;191;132;27m██[0m[38;2;252;229;188m[48;2;252;229;188m██[0m[38;2;93;71;31m[48;2;93;71;31m██[0m[38;2;93;71;31m[48;2;93;71;31m██[0m[38;2;210;164;77m[48;2;210;164;77m██[0m[38;2;191;132;27m[48;2;191;132;27m██[0m[38;2;210;164;77m[48;2;210;164;77m██[0m[38;2;89;89;23m[48;2;89;89;23m██[0m[38;2;0;0;0m[48;2;0;0;0m██[0m
[38;2;0;0;0m[48;2;0;0;0m██[0m[38;2;188;171;140m[48;2;188;171;140m██[0m[38;2;252;229;188m[48;2;252;229;188m██[0m[38;2;252;229;188m[48;2;252;229;188m██[0m[38;2;238;207;155m[48;2;238;207;155m██[0m[38;2;210;164;77m[48;2;210;164;77m██[0m[38;2;210;164;77m[48;2;210;164;77m██[0m[38;2;238;207;155m[48;2;238;207;155m██[0m[38;2;252;229;188m[48;2;252;229;188m██[0m[38;2;252;229;188m[48;2;252;229;188m██[0m[38;2;143;98;20m[48;2;143;98;20m██[0m[38;2;0;0;0m[48;2;0;0;0m██[0m
[38;2;0;0;0m[48;2;0;0;0m██[0m[38;2;0;0;0m[48;2;0;0;0m██[0m[38;2;238;207;155m[48;2;238;207;155m██[0m[38;2;252;229;188m[48;2;252;229;188m██[0m[38;2;210;164;77m[48;2;210;164;77m██[0m[38;2;252;229;188m[48;2;252;229;188m██[0m[38;2;238;207;155m[48;2;238;207;155m██[0m[38;2;252;229;188m[48;2;252;229;188m██[0m[38;2;210;164;77m[48;2;210;164;77m██[0m[38;2;252;229;188m[48;2;252;229;188m██[0m[38;2;0;0;0m[48;2;0;0;0m██[0m[38;2;0;0;0m[48;2;0;0;0m██[0m
[38;2;0;0;0m[48;2;0;0;0m██[0m[38;2;188;171;140m[48;2;188;171;140m██[0m[38;2;252;229;188m[48;2;252;229;188m██[0m[38;2;252;229;188m[48;2;252;229;188m██[0m[38;2;252;229;188m[48;2;252;229;188m██[0m[38;2;252;229;188m[48;2;252;229;188m██[0m[38;2;252;229;188m[48;2;252;229;188m██[0m[38;2;252;229;188m[48;2;252;229;188m██[0m[38;2;252;229;188m[48;2;252;229;188m██[0m[38;2;252;229;188m[48;2;252;229;188m██[0m[38;2;188;171;140m[48;2;188;171;140m██[0m[38;2;0;0;0m[48;2;0;0;0m██[0m
[38;2;0;0;0m[48;2;0;0;0m██[0m[38;2;0;0;0m[48;2;0;0;0m██[0m[38;2;210;164;77m[48;2;210;164;77m██[0m[38;2;252;229;188m[48;2;252;229;188m██[0m[38;2;238;207;155m[48;2;238;207;155m██[0m[38;2;252;229;188m[48;2;252;229;188m██[0m[38;2;210;164;77m[48;2;210;164;77m██[0m[38;2;252;229;188m[48;2;252;229;188m██[0m[38;2;238;207;155m[48;2;238;207;155m██[0m[38;2;252;229;188m[48;2;252;229;188m██[0m[38;2;0;0;0m[48;2;0;0;0m██[0m[38;2;0;0;0m[48;2;0;0;0m██[0m
[38;2;0;0;0m[48;2;0;0;0m██[0m[38;2;0;0;0m[48;2;0;0;0m██[0m[38;2;0;0;0m[48;2;0;0;0m██[0m[38;2;188;171;140m[48;2;188;171;140m██[0m[38;2;0;0;0m[48;2;0;0;0m██[0m[38;2;188;171;140m[48;2;188;171;140m██[0m[38;2;178;155;116m[48;2;178;155;116m██[0m[38;2;188;171;140m[48;2;188;171;140m██[0m[38;2;0;0;0m[48;2;0;0;0m██[0m[38;2;188;171;140m[48;2;188;171;140m██[0m[38;2;0;0;0m[48;2;0;0;0m██[0m[38;2;0;0;0m[48;2;0;0;0m██[0m
[38;2;0;0;0m[48;2;0;0;0m██[0m[38;2;0;0;0m[48;2;0;0;0m██[0m[38;2;0;0;0m[48;2;0;0;0m██[0m[38;2;0;0;0m[48;2;0;0;0m██[0m[38;2;0;0;0m[48;2;0;0;0m██[0m[38;2;0;0;0m[48;2;0;0;0m██[0m[38;2;0;0;0m[48;2;0;0;0m██[0m[38;2;0;0;0m[48;2;0;0;0m██[0m[38;2;0;0;0m[48;2;0;0;0m██[0m[38;2;0;0;0m[48;2;0;0;0m██[0m[38;2;0;0;0m[48;2;0;0;0m██[0m[38;2;0;0;0m[48;2;0;0;0m██[0m
