12 10
-1 -1 -1 -1 -1 -1 143 98 20 -1 -1 -1 143 98 20 89 89 23 143 98 20 -1 -1 -1 143 98 20 -1 -1 -1 -1 -1 -1 -1 -1 -1 
-1 -1 -1 143 98 20 182 120 38 191 132 27 191 132 27 216 149 26 216 149 26 191 132 27 191 132 27 182 120 38 143 98 20 -1 -1 -1 
66 155 186 126 168 189 182 120 38 29 44 38 250 250 250 182 120 38 182 120 38 250 250 250 29 44 38 182 120 38 126 168 189 66 155 186 
-1 -1 -1 143 98 20 182 120 38 182 120 38 191 132 27 252 229 188 252 229 188 191 132 27 182 120 38 182 120 38 143 98 20 -1 -1 -1 
-1 -1 -1 -1 -1 -1 210 164 77 191 132 27 252 229 188 93 71 31 93 71 31 210 164 77 191 132 27 210 164 77 89 89 23 -1 -1 -1 
-1 -1 -1 188 171 140 252 229 188 252 229 188 238 207 155 210 164 77 210 164 77 238 207 155 252 229 188 252 229 188 143 98 20 -1 -1 -1 
-1 -1 -1 -1 -1 -1 238 207 155 252 229 188 210 164 77 252 229 188 238 207 155 252 229 188 210 164 77 252 229 188 -1 -1 -1 -1 -1 -1 
-1 -1 -1 188 171 140 252 229 188 252 229 188 252 229 188 252 229 188 252 229 188 252 229 188 252 229 188 252 229 188 188 171 140 -1 -1 -1 
-1 -1 -1 -1 -1 -1 210 164 77 252 229 188 238 207 155 252 229 188 210 164 77 252 229 188 238 207 155 252 229 188 -1 -1 -1 -1 -1 -1 
-1 -1 -1 -1 -1 -1 -1 -1 -1 188 171 140 -1 -1 -1 188 171 140 178 155 116 188 171 140 -1 -1 -1 188 171 140 -1 -1 -1 -1 -1 -1 
