5 9
144 123 97 144 123 97 -1 -1 -1 144 123 97 144 123 97 
144 123 97 176 159 141 -1 -1 -1 176 159 141 144 123 97 
144 123 97 161 139 115 -1 -1 -1 176 159 141 136 115 88 
136 115 88 176 159 141 -1 -1 -1 176 159 141 136 115 88 
126 105 79 161 139 115 -1 -1 -1 161 139 115 126 105 79 
150 128 104 97 83 67 161 139 115 97 83 67 150 128 104 
144 123 97 89 76 59 150 128 104 89 76 59 144 123 97 
144 123 97 144 123 97 241 206 231 144 123 97 144 123 97 
136 115 88 136 115 88 136 115 88 136 115 88 136 115 88 
