20 25
111 120 108 111 120 108 0 0 0 0 0 0 0 0 0 0 0 0 0 0 0 0 0 0 0 0 0 0 0 0 0 0 0 0 0 0 0 0 0 0 0 0 0 0 0 0 0 0 0 0 0 0 0 0 111 120 108 111 120 108 
111 120 108 111 120 108 0 0 0 0 0 0 0 0 0 0 0 0 0 0 0 0 0 0 0 0 0 0 0 0 0 0 0 0 0 0 0 0 0 0 0 0 0 0 0 0 0 0 0 0 0 0 0 0 111 120 108 111 120 108 
132 145 134 132 145 134 0 0 0 0 0 0 0 0 0 0 0 0 0 0 0 0 0 0 0 0 0 0 0 0 0 0 0 0 0 0 0 0 0 0 0 0 0 0 0 0 0 0 0 0 0 0 0 0 132 145 134 132 145 134 
93 97 91 93 97 91 96 95 90 106 105 101 96 95 90 106 105 101 106 105 101 96 95 90 96 95 90 91 80 73 91 80 73 96 95 90 96 95 90 106 105 101 106 105 101 96 95 90 106 105 101 96 95 90 93 97 91 93 97 91 
111 120 108 111 120 108 96 95 90 96 95 90 106 105 101 106 105 101 106 105 101 106 105 101 96 95 90 96 95 90 96 95 90 96 95 90 106 105 101 106 105 101 106 105 101 106 105 101 96 95 90 96 95 90 111 120 108 111 120 108 
111 120 108 111 120 108 91 80 73 91 80 73 96 95 90 96 95 90 106 105 101 117 116 112 106 105 101 106 105 101 106 105 101 106 105 101 106 105 101 106 105 101 96 95 90 96 95 90 91 80 73 91 80 73 111 120 108 111 120 108 
111 120 108 93 97 91 77 69 64 91 80 73 91 80 73 96 95 90 96 95 90 106 105 101 106 105 101 106 105 101 106 105 101 96 95 90 106 105 101 96 95 90 96 95 90 91 80 73 91 80 73 77 69 64 93 97 91 111 120 108 
93 97 91 93 97 91 77 69 64 77 69 64 77 69 64 91 80 73 77 69 64 96 95 90 106 105 101 96 95 90 106 105 101 106 105 101 96 95 90 91 80 73 77 69 64 77 69 64 77 69 64 77 69 64 93 97 91 93 97 91 
69 64 64 93 97 91 91 80 73 91 80 73 77 69 64 77 69 64 77 69 64 91 80 73 96 95 90 106 105 101 106 105 101 96 95 90 91 80 73 77 69 64 77 69 64 91 80 73 77 69 64 91 80 73 93 97 91 69 64 64 
69 64 64 69 64 64 91 80 73 77 69 64 77 69 64 91 80 73 91 80 73 96 95 90 96 95 90 96 95 90 106 105 101 96 95 90 96 95 90 91 80 73 91 80 73 77 69 64 77 69 64 91 80 73 69 64 64 69 64 64 
91 80 73 91 80 73 77 69 64 91 80 73 96 95 90 91 80 73 91 80 73 91 80 73 96 95 90 96 95 90 96 95 90 96 95 90 117 116 112 91 80 73 91 80 73 96 95 90 91 80 73 77 69 64 91 80 73 91 80 73 
0 0 0 0 0 0 91 80 73 96 95 90 106 105 101 106 105 101 96 95 90 91 80 73 106 105 101 96 95 90 96 95 90 106 105 101 91 80 73 96 95 90 106 105 101 106 105 101 96 95 90 91 80 73 0 0 0 0 0 0 
0 0 0 0 0 0 77 69 64 91 80 73 96 95 90 106 105 101 106 105 101 106 105 101 106 105 101 106 105 101 106 105 101 106 105 101 106 105 101 106 105 101 106 105 101 96 95 90 91 80 73 77 69 64 0 0 0 0 0 0 
0 0 0 0 0 0 91 80 73 77 69 64 77 69 64 77 69 64 91 80 73 96 95 90 106 105 101 117 116 112 106 105 101 106 105 101 96 95 90 91 80 73 77 69 64 77 69 64 77 69 64 91 80 73 0 0 0 0 0 0 
0 0 0 0 0 0 38 38 36 38 38 36 38 38 36 38 38 36 38 38 36 38 38 36 38 38 36 38 38 36 38 38 36 38 38 36 38 38 36 38 38 36 38 38 36 38 38 36 38 38 36 38 38 36 0 0 0 0 0 0 
0 0 0 0 0 0 38 38 36 38 38 36 38 38 36 38 38 36 38 38 36 38 38 36 38 38 36 38 38 36 38 38 36 38 38 36 38 38 36 38 38 36 38 38 36 38 38 36 38 38 36 38 38 36 0 0 0 0 0 0 
0 0 0 0 0 0 77 69 64 77 69 64 255 255 255 255 255 255 50 102 60 50 102 60 69 64 64 69 64 64 69 64 64 69 64 64 50 102 60 50 102 60 255 255 255 255 255 255 77 69 64 77 69 64 0 0 0 0 0 0 
0 0 0 0 0 0 106 105 101 96 95 90 91 80 73 91 80 73 77 69 64 69 64 64 50 50 44 50 50 44 50 50 44 50 50 44 69 64 64 77 69 64 91 80 73 91 80 73 96 95 90 117 116 112 0 0 0 0 0 0 
0 0 0 0 0 0 106 105 101 106 105 101 96 95 90 96 95 90 91 80 73 69 64 64 50 50 44 50 50 44 50 50 44 50 50 44 69 64 64 91 80 73 96 95 90 96 95 90 106 105 101 106 105 101 0 0 0 0 0 0 
0 0 0 0 0 0 91 80 73 96 95 90 96 95 90 91 80 73 77 69 64 69 64 64 50 50 44 50 50 44 50 50 44 50 50 44 69 64 64 77 69 64 91 80 73 96 95 90 96 95 90 91 80 73 0 0 0 0 0 0 
0 0 0 0 0 0 77 69 64 77 69 64 77 69 64 77 69 64 77 69 64 69 64 64 50 50 44 50 50 44 50 50 44 50 50 44 69 64 64 77 69 64 77 69 64 77 69 64 77 69 64 77 69 64 0 0 0 0 0 0 
0 0 0 0 0 0 38 38 36 77 69 64 77 69 64 38 38 36 38 38 36 77 69 64 50 50 44 50 50 44 50 50 44 50 50 44 77 69 64 38 38 36 38 38 36 77 69 64 77 69 64 38 38 36 0 0 0 0 0 0 
0 0 0 0 0 0 38 38 36 38 38 36 38 38 36 38 38 36 38 38 36 38 38 36 50 50 44 50 50 44 50 50 44 50 50 44 38 38 36 38 38 36 38 38 36 38 38 36 38 38 36 38 38 36 0 0 0 0 0 0 
0 0 0 0 0 0 77 69 64 77 69 64 91 80 73 96 95 90 91 80 73 96 95 90 50 50 44 50 50 44 50 50 44 50 50 44 96 95 90 91 80 73 96 95 90 91 80 73 77 69 64 77 69 64 0 0 0 0 0 0 
0 0 0 0 0 0 0 0 0 0 0 0 0 0 0 0 0 0 0 0 0 0 0 0 50 50 44 50 50 44 50 50 44 50 50 44 0 0 0 0 0 0 0 0 0 0 0 0 0 0 0 0 0 0 0 0 0 0 0 0 
