16 19
127 91 127 143 101 143 158 113 158 143 100 143 127 90 127 143 102 143 158 112 158 143 102 143 127 89 127 143 101 143 158 110 158 143 103 143 127 90 127 143 102 143 158 113 158 135 96 135 
143 100 143 119 84 119 135 92 135 119 84 119 135 92 135 119 80 119 135 94 135 119 84 119 135 91 135 119 84 119 135 94 135 119 84 119 135 94 135 119 84 119 135 94 135 112 80 112 
158 112 158 135 94 135 119 84 119 135 94 135 151 103 151 135 94 135 119 84 119 135 92 135 151 105 151 135 95 135 119 84 119 135 94 135 151 103 151 135 94 135 119 84 119 127 89 127 
143 102 143 119 84 119 135 94 135 151 103 151 151 103 151 151 106 151 151 102 151 151 105 151 151 105 151 151 105 151 151 105 151 151 102 151 151 105 151 151 105 151 135 95 135 112 79 112 
127 91 127 135 92 135 151 103 151 151 105 151 151 106 151 151 106 151 151 103 151 151 103 151 151 105 151 151 106 151 151 102 151 151 105 151 151 101 151 135 94 135 119 84 119 127 88 127 
143 101 143 119 82 119 135 95 135 151 105 151 151 102 151 151 105 151 151 103 151 151 105 151 151 106 151 151 106 151 151 105 151 151 103 151 151 107 151 119 84 119 135 94 135 142 96 142 
158 112 158 135 92 135 119 82 119 151 106 151 151 103 151 151 105 151 151 103 151 151 105 151 151 106 151 151 102 151 151 106 151 151 103 151 151 105 151 135 92 135 119 82 119 127 88 127 
143 101 143 119 82 119 135 95 135 142 99 142 142 97 142 142 99 142 142 99 142 142 99 142 142 96 142 142 99 142 142 97 142 142 99 142 151 106 151 151 105 151 135 95 135 112 79 112 
127 90 127 135 96 135 151 105 151 142 96 142 -1 -1 -1 -1 -1 -1 -1 -1 -1 -1 -1 -1 -1 -1 -1 -1 -1 -1 -1 -1 -1 -1 -1 -1 158 110 158 135 94 135 119 84 119 127 88 127 
137 95 137 119 84 119 135 95 135 142 99 142 -1 -1 -1 230 240 173 230 240 173 230 240 173 230 240 173 230 240 173 230 240 173 -1 -1 -1 158 113 158 119 85 119 135 95 135 142 99 142 
158 113 158 135 95 135 119 85 119 142 97 142 -1 -1 -1 230 240 173 230 240 173 230 240 173 230 240 173 230 240 173 230 240 173 -1 -1 -1 158 114 158 135 95 135 119 84 119 127 89 127 
137 95 137 119 84 119 129 89 129 142 97 142 -1 -1 -1 186 182 121 186 182 121 186 182 121 186 182 121 186 182 121 186 182 121 -1 -1 -1 158 113 158 140 94 140 129 90 129 112 80 112 
-1 -1 -1 -1 -1 -1 -1 -1 -1 -1 -1 -1 -1 -1 -1 255 255 255 0 0 0 230 240 173 230 240 173 0 0 0 255 255 255 -1 -1 -1 -1 -1 -1 -1 -1 -1 -1 -1 -1 -1 -1 -1 
-1 -1 -1 -1 -1 -1 -1 -1 -1 -1 -1 -1 -1 -1 -1 199 195 141 199 195 141 230 240 173 230 240 173 199 195 141 199 195 141 -1 -1 -1 -1 -1 -1 -1 -1 -1 -1 -1 -1 -1 -1 -1 
-1 -1 -1 -1 -1 -1 -1 -1 -1 -1 -1 -1 -1 -1 -1 230 240 173 230 240 173 230 240 173 230 240 173 230 240 173 230 240 173 -1 -1 -1 -1 -1 -1 -1 -1 -1 -1 -1 -1 -1 -1 -1 
127 87 127 143 101 143 158 114 158 158 113 158 158 113 158 151 103 151 151 105 151 151 103 151 151 106 151 151 103 151 151 105 151 151 102 151 163 116 163 143 102 143 127 90 127 135 97 135 
143 103 143 119 85 119 135 94 135 151 105 151 135 92 135 119 84 119 135 92 135 151 105 151 135 94 135 119 84 119 135 94 135 151 105 151 135 94 135 119 84 119 135 95 135 142 99 142 
127 91 127 135 94 135 119 84 119 135 94 135 119 82 119 135 94 135 119 82 119 135 96 135 119 82 119 135 95 135 119 84 119 135 92 135 119 84 119 135 95 135 119 84 119 127 89 127 
143 100 143 142 97 142 127 88 127 112 78 112 127 87 127 142 99 142 127 88 127 112 79 112 127 87 127 142 99 142 127 87 127 112 79 112 127 88 127 142 99 142 127 86 127 112 80 112 
