12 10
142 148 133 142 148 133 -1 -1 -1 -1 -1 -1 -1 -1 -1 -1 -1 -1 143 149 134 143 149 134 -1 -1 -1 -1 -1 -1 143 149 134 143 149 134 
142 148 133 142 148 133 -1 -1 -1 -1 -1 -1 -1 -1 -1 -1 -1 -1 143 149 134 143 149 134 -1 -1 -1 -1 -1 -1 143 149 134 143 149 134 
-1 -1 -1 -1 -1 -1 118 140 153 118 140 153 -1 -1 -1 -1 -1 -1 122 126 139 122 126 139 -1 -1 -1 -1 -1 -1 122 126 139 122 126 139 
-1 -1 -1 -1 -1 -1 118 140 153 118 140 153 -1 -1 -1 -1 -1 -1 122 126 139 122 126 139 -1 -1 -1 -1 -1 -1 122 126 139 122 126 139 
142 148 133 142 148 133 142 142 142 142 142 142 133 133 133 133 133 133 117 117 117 117 117 117 130 130 130 130 130 130 -1 -1 -1 -1 -1 -1 
142 148 133 142 148 133 142 142 142 142 142 142 133 133 133 133 133 133 117 117 117 117 117 117 130 130 130 130 130 130 -1 -1 -1 -1 -1 -1 
-1 -1 -1 -1 -1 -1 125 125 125 0 0 0 0 0 0 127 127 127 127 127 127 0 0 0 0 0 0 123 123 123 143 149 134 143 149 134 
-1 -1 -1 -1 -1 -1 125 125 125 0 0 0 0 0 0 127 127 127 127 127 127 0 0 0 0 0 0 123 123 123 143 149 134 143 149 134 
122 126 139 122 126 139 116 116 116 129 129 129 129 129 129 134 134 134 134 134 134 124 124 124 124 124 124 127 127 127 -1 -1 -1 -1 -1 -1 
122 126 139 122 126 139 116 116 116 129 129 129 129 129 129 134 134 134 134 134 134 124 124 124 124 124 124 127 127 127 -1 -1 -1 -1 -1 -1 
