16 16
-1 -1 -1 -1 -1 -1 -1 -1 -1 -1 -1 -1 -1 -1 -1 -1 -1 -1 -1 -1 -1 56 141 123 147 49 29 147 49 29 147 49 29 147 49 29 129 33 24 129 33 24 129 33 24 129 33 24 
250 201 55 250 201 55 250 201 55 250 201 55 250 201 55 242 184 42 232 165 33 56 141 123 129 33 24 129 33 24 147 49 29 147 49 29 129 33 24 113 19 19 129 33 24 113 19 19 
250 201 55 242 184 42 242 184 42 242 184 42 242 184 42 242 184 42 242 184 42 44 115 77 147 49 29 129 33 24 129 33 24 113 19 19 147 49 29 113 19 19 129 33 24 113 19 19 
250 201 55 250 201 55 250 201 55 242 184 42 242 184 42 242 184 42 242 184 42 56 141 123 113 19 19 147 49 29 147 49 29 129 33 24 147 49 29 113 19 19 147 49 29 113 19 19 
242 184 42 242 184 42 242 184 42 242 184 42 232 165 33 232 165 33 222 143 39 44 115 77 96 13 13 113 19 19 147 49 29 147 49 29 147 49 29 113 19 19 147 49 29 129 33 24 
242 184 42 242 184 42 242 184 42 242 184 42 242 184 42 232 165 33 232 165 33 29 93 60 96 13 13 8 7 6 8 7 6 8 7 6 147 49 29 113 19 19 147 49 29 147 49 29 
242 184 42 242 184 42 232 165 33 232 165 33 232 165 33 232 165 33 232 165 33 29 93 60 113 19 19 96 13 13 113 19 19 129 33 24 129 33 24 113 19 19 129 33 24 147 49 29 
242 184 42 242 184 42 242 184 42 232 165 33 232 165 33 222 143 39 222 143 39 29 93 60 44 115 77 129 33 24 96 13 13 96 13 13 113 19 19 129 33 24 113 19 19 147 49 29 
232 165 33 232 165 33 222 143 39 232 165 33 232 165 33 232 165 33 222 143 39 198 121 28 29 93 60 44 115 77 147 49 29 147 49 29 113 19 19 147 49 29 113 19 19 147 49 29 
146 65 0 146 65 0 146 65 0 146 65 0 165 84 1 146 65 0 146 65 0 170 84 8 170 84 8 29 93 60 129 33 24 147 49 29 129 33 24 147 49 29 113 19 19 129 33 24 
222 143 39 222 143 39 222 143 39 222 143 39 209 129 31 222 143 39 222 143 39 223 159 49 198 121 28 29 93 60 113 19 19 147 49 29 147 49 29 147 49 29 129 33 24 129 33 24 
242 184 42 242 184 42 232 165 33 232 165 33 232 165 33 242 184 42 232 165 33 233 177 43 212 142 39 29 93 60 113 19 19 129 33 24 147 49 29 147 49 29 147 49 29 129 33 24 
242 184 42 242 184 42 242 184 42 242 184 42 232 165 33 242 184 42 242 184 42 233 177 43 212 142 39 44 115 77 129 33 24 113 19 19 147 49 29 147 49 29 147 49 29 129 33 24 
242 184 42 232 165 33 232 165 33 232 165 33 232 165 33 232 165 33 232 165 33 212 142 39 198 121 28 44 115 77 129 33 24 129 33 24 147 49 29 87 80 51 147 49 29 129 33 24 
232 165 33 232 165 33 232 165 33 232 165 33 222 143 39 222 143 39 209 129 31 212 142 39 198 121 28 44 115 77 87 80 51 129 33 24 44 115 77 87 80 51 147 49 29 29 93 60 
-1 -1 -1 -1 -1 -1 -1 -1 -1 -1 -1 -1 -1 -1 -1 -1 -1 -1 -1 -1 -1 -1 -1 -1 -1 -1 -1 44 115 77 87 80 51 129 33 24 44 115 77 44 115 77 87 80 51 29 93 60 
