12 16
18 39 55 18 39 55 18 39 55 18 39 55 18 39 55 18 39 55 18 39 55 18 39 55 18 39 55 18 39 55 18 39 55 18 39 55 
18 39 55 34 59 77 34 59 77 34 59 77 56 82 101 56 82 101 56 82 101 56 82 101 34 59 77 34 59 77 34 59 77 18 39 55 
18 39 55 34 59 77 84 109 128 112 136 153 84 109 128 84 109 128 84 109 128 84 109 128 56 82 101 34 59 77 34 59 77 18 39 55 
18 39 55 34 59 77 112 136 153 112 136 153 84 109 128 84 109 128 84 109 128 84 109 128 84 109 128 84 109 128 34 59 77 18 39 55 
18 39 55 34 59 77 56 82 101 84 109 128 84 109 128 84 109 128 84 109 128 84 109 128 84 109 128 84 109 128 56 82 101 18 39 55 
18 39 55 34 59 77 84 109 128 84 109 128 84 109 128 84 109 128 84 109 128 84 109 128 84 109 128 84 109 128 56 82 101 18 39 55 
18 39 55 56 82 101 19 19 20 237 243 247 84 109 128 84 109 128 84 109 128 84 109 128 237 243 247 19 19 20 56 82 101 18 39 55 
18 39 55 56 82 101 237 243 247 237 243 247 84 109 128 84 109 128 84 109 128 84 109 128 237 243 247 237 243 247 56 82 101 18 39 55 
18 39 55 56 82 101 84 109 128 84 109 128 84 109 128 84 109 128 84 109 128 84 109 128 84 109 128 84 109 128 56 82 101 18 39 55 
18 39 55 56 82 101 84 109 128 84 109 128 84 109 128 84 109 128 84 109 128 84 109 128 112 136 153 84 109 128 56 82 101 18 39 55 
18 39 55 56 82 101 84 109 128 84 109 128 84 109 128 84 109 128 84 109 128 84 109 128 112 136 153 84 109 128 56 82 101 18 39 55 
18 39 55 34 59 77 56 82 101 84 109 128 84 109 128 84 109 128 84 109 128 112 136 153 84 109 128 56 82 101 34 59 77 18 39 55 
18 39 55 34 59 77 56 82 101 56 82 101 84 109 128 84 109 128 84 109 128 84 109 128 56 82 101 56 82 101 34 59 77 18 39 55 
18 39 55 34 59 77 34 59 77 56 82 101 56 82 101 56 82 101 56 82 101 56 82 101 56 82 101 34 59 77 34 59 77 18 39 55 
18 39 55 34 59 77 34 59 77 34 59 77 34 59 77 34 59 77 34 59 77 34 59 77 34 59 77 34 59 77 34 59 77 18 39 55 
18 39 55 34 59 77 34 59 77 34 59 77 34 59 77 34 59 77 34 59 77 34 59 77 34 59 77 34 59 77 34 59 77 18 39 55 
