[38;2;18;39;55m[48;2;18;39;55m██[0m[38;2;18;39;55m[48;2;18;39;55m██[0m[38;2;18;39;55m[48;2;18;39;55m██[0m[38;2;18;39;55m[48;2;18;39;55m██[0m[38;2;18;39;55m[48;2;18;39;55m██[0m[38;2;18;39;55m[48;2;18;39;55m██[0m[38;2;18;39;55m[48;2;18;39;55m██[0m[38;2;18;39;55m[48;2;18;39;55m██[0m[38;2;18;39;55m[48;2;18;39;55m██[0m[38;2;18;39;55m[48;2;18;39;55m██[0m[38;2;18;39;55m[48;2;18;39;55m██[0m[38;2;18;39;55m[48;2;18;39;55m██[0m
[38;2;18;39;55m[48;2;18;39;55m██[0m[38;2;34;59;77m[48;2;34;59;77m██[0m[38;2;34;59;77m[48;2;34;59;77m██[0m[38;2;34;59;77m[48;2;34;59;77m██[0m[38;2;56;82;101m[48;2;56;82;101m██[0m[38;2;56;82;101m[48;2;56;82;101m██[0m[38;2;56;82;101m[48;2;56;82;101m██[0m[38;2;56;82;101m[48;2;56;82;101m██[0m[38;2;34;59;77m[48;2;34;59;77m██[0m[38;2;34;59;77m[48;2;34;59;77m██[0m[38;2;34;59;77m[48;2;34;59;77m██[0m[38;2;18;39;55m[48;2;18;39;55m██[0m
[38;2;18;39;55m[48;2;18;39;55m██[0m[38;2;34;59;77m[48;2;34;59;77m██[0m[38;2;84;109;128m[48;2;84;109;128m██[0m[38;2;112;136;153m[48;2;112;136;153m██[0m[38;2;84;109;128m[48;2;84;109;128m██[0m[38;2;84;109;128m[48;2;84;109;128m██[0m[38;2;84;109;128m[48;2;84;109;128m██[0m[38;2;84;109;128m[48;2;84;109;128m██[0m[38;2;56;82;101m[48;2;56;82;101m██[0m[38;2;34;59;77m[48;2;34;59;77m██[0m[38;2;34;59;77m[48;2;34;59;77m██[0m[38;2;18;39;55m[48;2;18;39;55m██[0m
[38;2;18;39;55m[48;2;18;39;55m██[0m[38;2;34;59;77m[48;2;34;59;77m██[0m[38;2;112;136;153m[48;2;112;136;153m██[0m[38;2;112;136;153m[48;2;112;136;153m██[0m[38;2;84;109;128m[48;2;84;109;128m██[0m[38;2;84;109;128m[48;2;84;109;128m██[0m[38;2;84;109;128m[48;2;84;109;128m██[0m[38;2;84;109;128m[48;2;84;109;128m██[0m[38;2;84;109;128m[48;2;84;109;128m██[0m[38;2;84;109;128m[48;2;84;109;128m██[0m[38;2;34;59;77m[48;2;34;59;77m██[0m[38;2;18;39;55m[48;2;18;39;55m██[0m
[38;2;18;39;55m[48;2;18;39;55m██[0m[38;2;34;59;77m[48;2;34;59;77m██[0m[38;2;56;82;101m[48;2;56;82;101m██[0m[38;2;84;109;128m[48;2;84;109;128m██[0m[38;2;84;109;128m[48;2;84;109;128m██[0m[38;2;84;109;128m[48;2;84;109;128m██[0m[38;2;84;109;128m[48;2;84;109;128m██[0m[38;2;84;109;128m[48;2;84;109;128m██[0m[38;2;84;109;128m[48;2;84;109;128m██[0m[38;2;84;109;128m[48;2;84;109;128m██[0m[38;2;56;82;101m[48;2;56;82;101m██[0m[38;2;18;39;55m[48;2;18;39;55m██[0m
[38;2;18;39;55m[48;2;18;39;55m██[0m[38;2;34;59;77m[48;2;34;59;77m██[0m[38;2;84;109;128m[48;2;84;109;128m██[0m[38;2;84;109;128m[48;2;84;109;128m██[0m[38;2;84;109;128m[48;2;84;109;128m██[0m[38;2;84;109;128m[48;2;84;109;128m██[0m[38;2;84;109;128m[48;2;84;109;128m██[0m[38;2;84;109;128m[48;2;84;109;128m██[0m[38;2;84;109;128m[48;2;84;109;128m██[0m[38;2;84;109;128m[48;2;84;109;128m██[0m[38;2;56;82;101m[48;2;56;82;101m██[0m[38;2;18;39;55m[48;2;18;39;55m██[0m
[38;2;18;39;55m[48;2;18;39;55m██[0m[38;2;56;82;101m[48;2;56;82;101m██[0m[38;2;19;19;20m[48;2;19;19;20m██[0m[38;2;237;243;247m[48;2;237;243;247m██[0m[38;2;84;109;128m[48;2;84;109;128m██[0m[38;2;84;109;128m[48;2;84;109;128m██[0m[38;2;84;109;128m[48;2;84;109;128m██[0m[38;2;84;109;128m[48;2;84;109;128m██[0m[38;2;237;243;247m[48;2;237;243;247m██[0m[38;2;19;19;20m[48;2;19;19;20m██[0m[38;2;56;82;101m[48;2;56;82;101m██[0m[38;2;18;39;55m[48;2;18;39;55m██[0m
[38;2;18;39;55m[48;2;18;39;55m██[0m[38;2;56;82;101m[48;2;56;82;101m██[0m[38;2;237;243;247m[48;2;237;243;247m██[0m[38;2;237;243;247m[48;2;237;243;247m██[0m[38;2;84;109;128m[48;2;84;109;128m██[0m[38;2;84;109;128m[48;2;84;109;128m██[0m[38;2;84;109;128m[48;2;84;109;128m██[0m[38;2;84;109;128m[48;2;84;109;128m██[0m[38;2;237;243;247m[48;2;237;243;247m██[0m[38;2;237;243;247m[48;2;237;243;247m██[0m[38;2;56;82;101m[48;2;56;82;101m██[0m[38;2;18;39;55m[48;2;18;39;55m██[0m
[38;2;18;39;55m[48;2;18;39;55m██[0m[38;2;56;82;101m[48;2;56;82;101m██[0m[38;2;84;109;128m[48;2;84;109;128m██[0m[38;2;84;109;128m[48;2;84;109;128m██[0m[38;2;84;109;128m[48;2;84;109;128m██[0m[38;2;84;109;128m[48;2;84;109;128m██[0m[38;2;84;109;128m[48;2;84;109;128m██[0m[38;2;84;109;128m[48;2;84;109;128m██[0m[38;2;84;109;128m[48;2;84;109;128m██[0m[38;2;84;109;128m[48;2;84;109;128m██[0m[38;2;56;82;101m[48;2;56;82;101m██[0m[38;2;18;39;55m[48;2;18;39;55m██[0m
[38;2;18;39;55m[48;2;18;39;55m██[0m[38;2;56;82;101m[48;2;56;82;101m██[0m[38;2;84;109;128m[48;2;84;109;128m██[0m[38;2;84;109;128m[48;2;84;109;128m██[0m[38;2;84;109;128m[48;2;84;109;128m██[0m[38;2;84;109;128m[48;2;84;109;128m██[0m[38;2;84;109;128m[48;2;84;109;128m██[0m[38;2;84;109;128m[48;2;84;109;128m██[0m[38;2;112;136;153m[48;2;112;136;153m██[0m[38;2;84;109;128m[48;2;84;109;128m██[0m[38;2;56;82;101m[48;2;56;82;101m██[0m[38;2;18;39;55m[48;2;18;39;55m██[0m
[38;2;18;39;55m[48;2;18;39;55m██[0m[38;2;56;82;101m[48;2;56;82;101m██[0m[38;2;84;109;128m[48;2;84;109;128m██[0m[38;2;84;109;128m[48;2;84;109;128m██[0m[38;2;84;109;128m[48;2;84;109;128m██[0m[38;2;84;109;128m[48;2;84;109;128m██[0m[38;2;84;109;128m[48;2;84;109;128m██[0m[38;2;84;109;128m[48;2;84;109;128m██[0m[38;2;112;136;153m[48;2;112;136;153m██[0m[38;2;84;109;128m[48;2;84;109;128m██[0m[38;2;56;82;101m[48;2;56;82;101m██[0m[38;2;18;39;55m[48;2;18;39;55m██[0m
[38;2;18;39;55m[48;2;18;39;55m██[0m[38;2;34;59;77m[48;2;34;59;77m██[0m[38;2;56;82;101m[48;2;56;82;101m██[0m[38;2;84;109;128m[48;2;84;109;128m██[0m[38;2;84;109;128m[48;2;84;109;128m██[0m[38;2;84;109;128m[48;2;84;109;128m██[0m[38;2;84;109;128m[48;2;84;109;128m██[0m[38;2;112;136;153m[48;2;112;136;153m██[0m[38;2;84;109;128m[48;2;84;109;128m██[0m[38;2;56;82;101m[48;2;56;82;101m██[0m[38;2;34;59;77m[48;2;34;59;77m██[0m[38;2;18;39;55m[48;2;18;39;55m██[0m
[38;2;18;39;55m[48;2;18;39;55m██[0m[38;2;34;59;77m[48;2;34;59;77m██[0m[38;2;56;82;101m[48;2;56;82;101m██[0m[38;2;56;82;101m[48;2;56;82;101m██[0m[38;2;84;109;128m[48;2;84;109;128m██[0m[38;2;84;109;128m[48;2;84;109;128m██[0m[38;2;84;109;128m[48;2;84;109;128m██[0m[38;2;84;109;128m[48;2;84;109;128m██[0m[38;2;56;82;101m[48;2;56;82;101m██[0m[38;2;56;82;101m[48;2;56;82;101m██[0m[38;2;34;59;77m[48;2;34;59;77m██[0m[38;2;18;39;55m[48;2;18;39;55m██[0m
[38;2;18;39;55m[48;2;18;39;55m██[0m[38;2;34;59;77m[48;2;34;59;77m██[0m[38;2;34;59;77m[48;2;34;59;77m██[0m[38;2;56;82;101m[48;2;56;82;101m██[0m[38;2;56;82;101m[48;2;56;82;101m██[0m[38;2;56;82;101m[48;2;56;82;101m██[0m[38;2;56;82;101m[48;2;56;82;101m██[0m[38;2;56;82;101m[48;2;56;82;101m██[0m[38;2;56;82;101m[48;2;56;82;101m██[0m[38;2;34;59;77m[48;2;34;59;77m██[0m[38;2;34;59;77m[48;2;34;59;77m██[0m[38;2;18;39;55m[48;2;18;39;55m██[0m
[38;2;18;39;55m[48;2;18;39;55m██[0m[38;2;34;59;77m[48;2;34;59;77m██[0m[38;2;34;59;77m[48;2;34;59;77m██[0m[38;2;34;59;77m[48;2;34;59;77m██[0m[38;2;34;59;77m[48;2;34;59;77m██[0m[38;2;34;59;77m[48;2;34;59;77m██[0m[38;2;34;59;77m[48;2;34;59;77m██[0m[38;2;34;59;77m[48;2;34;59;77m██[0m[38;2;34;59;77m[48;2;34;59;77m██[0m[38;2;34;59;77m[48;2;34;59;77m██[0m[38;2;34;59;77m[48;2;34;59;77m██[0m[38;2;18;39;55m[48;2;18;39;55m██[0m
[38;2;18;39;55m[48;2;18;39;55m██[0m[38;2;34;59;77m[48;2;34;59;77m██[0m[38;2;34;59;77m[48;2;34;59;77m██[0m[38;2;34;59;77m[48;2;34;59;77m██[0m[38;2;34;59;77m[48;2;34;59;77m██[0m[38;2;34;59;77m[48;2;34;59;77m██[0m[38;2;34;59;77m[48;2;34;59;77m██[0m[38;2;34;59;77m[48;2;34;59;77m██[0m[38;2;34;59;77m[48;2;34;59;77m██[0m[38;2;34;59;77m[48;2;34;59;77m██[0m[38;2;34;59;77m[48;2;34;59;77m██[0m[38;2;18;39;55m[48;2;18;39;55m██[0m
