16 14
165 54 57 165 54 57 174 62 62 174 62 62 174 62 62 165 54 57 174 62 62 174 62 62 174 62 62 174 62 62 174 62 62 174 62 62 93 86 93 93 86 93 93 86 93 108 36 38 
156 52 54 165 54 57 156 52 54 156 52 54 165 54 57 165 54 57 165 54 57 156 52 54 156 52 54 156 52 54 165 54 57 156 52 54 156 52 54 108 36 38 108 36 38 165 54 57 
136 45 47 156 52 54 136 45 47 156 52 54 156 52 54 156 52 54 165 54 57 165 54 57 156 52 54 156 52 54 156 52 54 156 52 54 156 52 54 156 52 54 156 52 54 156 52 54 
143 48 50 156 52 54 156 52 54 156 52 54 156 52 54 156 52 54 156 52 54 156 52 54 156 52 54 156 52 54 156 52 54 143 48 50 156 52 54 143 48 50 156 52 54 136 45 47 
136 45 47 136 45 47 136 45 47 156 52 54 156 52 54 165 54 57 156 52 54 156 52 54 156 52 54 156 52 54 156 52 54 156 52 54 143 48 50 156 52 54 136 45 47 136 45 47 
121 40 43 136 45 47 136 45 47 136 45 47 156 52 54 156 52 54 156 52 54 156 52 54 156 52 54 156 52 54 156 52 54 156 52 54 136 45 47 136 45 47 136 45 47 121 40 43 
143 48 50 156 52 54 156 52 54 156 52 54 156 52 54 165 54 57 165 54 57 165 54 57 165 54 57 165 54 57 165 54 57 156 52 54 156 52 54 156 52 54 156 52 54 156 52 54 
156 52 54 156 52 54 165 54 57 165 54 57 165 54 57 165 54 57 165 54 57 165 54 57 165 54 57 165 54 57 165 54 57 165 54 57 165 54 57 165 54 57 156 52 54 156 52 54 
189 68 68 189 68 68 174 62 62 165 54 57 165 54 57 165 54 57 165 54 57 174 62 62 165 54 57 174 62 62 165 54 57 165 54 57 165 54 57 174 62 62 189 68 68 189 68 68 
136 45 47 255 253 252 0 0 0 165 54 57 165 54 57 174 62 62 174 62 62 189 68 68 189 68 68 174 62 62 165 54 57 174 62 62 165 54 57 0 0 0 255 253 252 136 45 47 
156 52 54 165 54 57 156 52 54 174 62 62 189 68 68 174 62 62 189 68 68 189 68 68 189 68 68 189 68 68 174 62 62 189 68 68 174 62 62 156 52 54 165 54 57 156 52 54 
156 52 54 174 62 62 174 62 62 79 26 27 79 26 27 79 26 27 79 26 27 79 26 27 79 26 27 79 26 27 79 26 27 79 26 27 79 26 27 174 62 62 174 62 62 156 52 54 
174 62 62 79 26 27 79 26 27 108 36 38 136 45 47 136 45 47 108 36 38 136 45 47 136 45 47 108 36 38 136 45 47 136 45 47 108 36 38 79 26 27 79 26 27 174 62 62 
79 26 27 108 36 38 156 52 54 156 52 54 165 54 57 156 52 54 165 54 57 165 54 57 165 54 57 165 54 57 165 54 57 156 52 54 156 52 54 156 52 54 136 45 47 79 26 27 
