11 12
-1 -1 -1 -1 -1 -1 -1 -1 -1 -1 -1 -1 248 248 248 248 248 248 -1 -1 -1 -1 -1 -1 -1 -1 -1 -1 -1 -1 -1 -1 -1 
-1 -1 -1 -1 -1 -1 -1 -1 -1 255 255 255 207 207 207 248 248 248 -1 -1 -1 -1 -1 -1 -1 -1 -1 -1 -1 -1 -1 -1 -1 
-1 -1 -1 -1 -1 -1 255 255 255 166 115 27 166 115 27 -1 -1 -1 -1 -1 -1 -1 -1 -1 -1 -1 -1 -1 -1 -1 -1 -1 -1 
214 148 35 214 148 35 182 126 30 193 133 32 193 133 32 182 126 30 -1 -1 -1 -1 -1 -1 -1 -1 -1 -1 -1 -1 -1 -1 -1 
214 148 35 182 126 30 193 133 32 182 126 30 225 225 225 225 225 225 -1 -1 -1 255 255 255 255 255 255 255 255 255 255 255 255 
193 133 32 193 133 32 182 126 30 225 225 225 182 126 30 255 255 255 255 255 255 225 225 225 225 225 225 225 225 225 255 255 255 
193 133 32 0 0 0 225 225 225 166 115 27 248 248 248 166 115 27 247 247 247 247 247 247 225 225 225 225 225 225 255 255 255 
166 115 27 225 225 225 145 100 24 182 126 30 182 126 30 255 255 255 -1 -1 -1 247 247 247 247 247 247 247 247 247 -1 -1 -1 
166 115 27 145 100 24 248 248 248 182 126 30 255 255 255 225 225 225 -1 -1 -1 -1 -1 -1 -1 -1 -1 -1 -1 -1 -1 -1 -1 
-1 -1 -1 182 126 30 255 255 255 166 115 27 255 255 255 -1 -1 -1 -1 -1 -1 -1 -1 -1 -1 -1 -1 -1 -1 -1 -1 -1 -1 
-1 -1 -1 -1 -1 -1 -1 -1 -1 255 255 255 255 255 255 255 255 255 -1 -1 -1 -1 -1 -1 -1 -1 -1 -1 -1 -1 -1 -1 -1 
-1 -1 -1 -1 -1 -1 -1 -1 -1 -1 -1 -1 -1 -1 -1 255 255 255 -1 -1 -1 -1 -1 -1 -1 -1 -1 -1 -1 -1 -1 -1 -1 
