8 11
190 136 108 190 136 108 190 136 108 190 136 108 190 136 108 190 136 108 183 130 114 179 123 98 
190 136 108 190 136 108 183 130 114 190 136 108 190 136 108 190 136 108 190 136 108 183 130 114 
190 136 108 190 136 108 179 123 98 190 136 108 190 136 108 190 136 108 190 136 108 190 136 108 
183 130 114 190 136 108 190 136 108 190 136 108 190 136 108 190 136 108 190 136 108 183 130 114 
183 130 114 183 130 114 190 136 108 190 136 108 190 136 108 190 136 108 183 130 114 183 130 114 
183 130 114 51 36 17 51 36 17 51 36 17 51 36 17 51 36 17 51 36 17 183 130 114 
190 136 108 255 255 255 0 150 17 179 123 98 179 123 98 0 150 17 255 255 255 190 136 108 
144 94 67 179 123 98 183 130 114 144 94 67 144 94 67 190 136 108 179 123 98 144 94 67 
144 94 67 179 123 98 119 66 53 144 94 67 144 94 67 119 66 53 179 123 98 144 94 67 
144 94 67 179 123 98 179 123 98 144 94 67 144 94 67 179 123 98 179 123 98 144 94 67 
-1 -1 -1 -1 -1 -1 -1 -1 -1 144 94 67 144 94 67 -1 -1 -1 -1 -1 -1 -1 -1 -1 
