[38;2;190;136;108m[48;2;190;136;108m██[0m[38;2;190;136;108m[48;2;190;136;108m██[0m[38;2;190;136;108m[48;2;190;136;108m██[0m[38;2;190;136;108m[48;2;190;136;108m██[0m[38;2;190;136;108m[48;2;190;136;108m██[0m[38;2;190;136;108m[48;2;190;136;108m██[0m[38;2;183;130;114m[48;2;183;130;114m██[0m[38;2;179;123;98m[48;2;179;123;98m██[0m
[38;2;190;136;108m[48;2;190;136;108m██[0m[38;2;190;136;108m[48;2;190;136;108m██[0m[38;2;183;130;114m[48;2;183;130;114m██[0m[38;2;190;136;108m[48;2;190;136;108m██[0m[38;2;190;136;108m[48;2;190;136;108m██[0m[38;2;190;136;108m[48;2;190;136;108m██[0m[38;2;190;136;108m[48;2;190;136;108m██[0m[38;2;183;130;114m[48;2;183;130;114m██[0m
[38;2;190;136;108m[48;2;190;136;108m██[0m[38;2;190;136;108m[48;2;190;136;108m██[0m[38;2;179;123;98m[48;2;179;123;98m██[0m[38;2;190;136;108m[48;2;190;136;108m██[0m[38;2;190;136;108m[48;2;190;136;108m██[0m[38;2;190;136;108m[48;2;190;136;108m██[0m[38;2;190;136;108m[48;2;190;136;108m██[0m[38;2;190;136;108m[48;2;190;136;108m██[0m
[38;2;183;130;114m[48;2;183;130;114m██[0m[38;2;190;136;108m[48;2;190;136;108m██[0m[38;2;190;136;108m[48;2;190;136;108m██[0m[38;2;190;136;108m[48;2;190;136;108m██[0m[38;2;190;136;108m[48;2;190;136;108m██[0m[38;2;190;136;108m[48;2;190;136;108m██[0m[38;2;190;136;108m[48;2;190;136;108m██[0m[38;2;183;130;114m[48;2;183;130;114m██[0m
[38;2;183;130;114m[48;2;183;130;114m██[0m[38;2;183;130;114m[48;2;183;130;114m██[0m[38;2;190;136;108m[48;2;190;136;108m██[0m[38;2;190;136;108m[48;2;190;136;108m██[0m[38;2;190;136;108m[48;2;190;136;108m██[0m[38;2;190;136;108m[48;2;190;136;108m██[0m[38;2;183;130;114m[48;2;183;130;114m██[0m[38;2;183;130;114m[48;2;183;130;114m██[0m
[38;2;183;130;114m[48;2;183;130;114m██[0m[38;2;51;36;17m[48;2;51;36;17m██[0m[38;2;51;36;17m[48;2;51;36;17m██[0m[38;2;51;36;17m[48;2;51;36;17m██[0m[38;2;51;36;17m[48;2;51;36;17m██[0m[38;2;51;36;17m[48;2;51;36;17m██[0m[38;2;51;36;17m[48;2;51;36;17m██[0m[38;2;183;130;114m[48;2;183;130;114m██[0m
[38;2;190;136;108m[48;2;190;136;108m██[0m[38;2;255;255;255m[48;2;255;255;255m██[0m[38;2;0;150;17m[48;2;0;150;17m██[0m[38;2;179;123;98m[48;2;179;123;98m██[0m[38;2;179;123;98m[48;2;179;123;98m██[0m[38;2;0;150;17m[48;2;0;150;17m██[0m[38;2;255;255;255m[48;2;255;255;255m██[0m[38;2;190;136;108m[48;2;190;136;108m██[0m
[38;2;144;94;67m[48;2;144;94;67m██[0m[38;2;179;123;98m[48;2;179;123;98m██[0m[38;2;183;130;114m[48;2;183;130;114m██[0m[38;2;144;94;67m[48;2;144;94;67m██[0m[38;2;144;94;67m[48;2;144;94;67m██[0m[38;2;190;136;108m[48;2;190;136;108m██[0m[38;2;179;123;98m[48;2;179;123;98m██[0m[38;2;144;94;67m[48;2;144;94;67m██[0m
[38;2;144;94;67m[48;2;144;94;67m██[0m[38;2;179;123;98m[48;2;179;123;98m██[0m[38;2;119;66;53m[48;2;119;66;53m██[0m[38;2;144;94;67m[48;2;144;94;67m██[0m[38;2;144;94;67m[48;2;144;94;67m██[0m[38;2;119;66;53m[48;2;119;66;53m██[0m[38;2;179;123;98m[48;2;179;123;98m██[0m[38;2;144;94;67m[48;2;144;94;67m██[0m
[38;2;144;94;67m[48;2;144;94;67m██[0m[38;2;179;123;98m[48;2;179;123;98m██[0m[38;2;179;123;98m[48;2;179;123;98m██[0m[38;2;144;94;67m[48;2;144;94;67m██[0m[38;2;144;94;67m[48;2;144;94;67m██[0m[38;2;179;123;98m[48;2;179;123;98m██[0m[38;2;179;123;98m[48;2;179;123;98m██[0m[38;2;144;94;67m[48;2;144;94;67m██[0m
[38;2;0;0;0m[48;2;0;0;0m██[0m[38;2;0;0;0m[48;2;0;0;0m██[0m[38;2;0;0;0m[48;2;0;0;0m██[0m[38;2;144;94;67m[48;2;144;94;67m██[0m[38;2;144;94;67m[48;2;144;94;67m██[0m[38;2;0;0;0m[48;2;0;0;0m██[0m[38;2;0;0;0m[48;2;0;0;0m██[0m[38;2;0;0;0m[48;2;0;0;0m██[0m
