8 11
44 69 108 55 84 130 55 84 130 55 84 130 55 84 130 55 84 130 55 84 130 44 69 108 
36 57 94 36 57 94 44 69 108 44 69 108 44 69 108 44 69 108 36 57 94 36 57 94 
36 57 94 36 57 94 36 57 94 36 57 94 36 57 94 36 57 94 36 57 94 36 57 94 
44 69 108 164 95 30 164 95 30 204 142 41 204 142 41 164 95 30 164 95 30 44 69 108 
164 95 30 164 95 30 98 14 0 129 18 0 129 18 0 98 14 0 164 95 30 164 95 30 
204 142 41 51 36 17 51 36 17 51 36 17 51 36 17 51 36 17 51 36 17 204 142 41 
242 192 57 255 255 255 0 150 17 189 139 114 176 122 104 0 150 17 255 255 255 242 192 57 
242 192 57 176 122 104 176 122 104 144 94 67 144 94 67 176 122 104 176 122 104 242 192 57 
242 192 57 129 18 0 129 18 0 144 94 67 144 94 67 129 18 0 129 18 0 242 192 57 
204 142 41 98 14 0 98 14 0 144 94 67 144 94 67 98 14 0 98 14 0 204 142 41 
0 0 0 0 0 0 0 0 0 144 94 67 144 94 67 0 0 0 0 0 0 0 0 0 
