36 19
0 0 0 41 223 235 0 0 0 0 146 149 0 0 0 0 0 0 0 0 0 0 0 0 0 0 0 0 0 0 0 0 0 0 0 0 0 0 0 0 0 0 0 0 0 0 0 0 0 0 0 0 0 0 0 0 0 0 0 0 0 0 0 0 0 0 0 0 0 0 0 0 0 0 0 0 0 0 0 0 0 0 0 0 0 0 0 0 0 0 0 0 0 0 0 0 0 146 149 0 0 0 41 223 235 0 0 0 
0 0 0 0 146 149 0 146 149 0 146 149 41 223 235 0 0 0 0 0 0 0 0 0 0 0 0 0 0 0 0 0 0 0 0 0 0 0 0 0 0 0 0 0 0 0 0 0 0 0 0 0 0 0 0 0 0 0 0 0 0 0 0 0 0 0 0 0 0 0 0 0 0 0 0 0 0 0 0 0 0 0 0 0 0 0 0 0 0 0 0 0 0 41 223 235 0 146 149 0 146 149 0 146 149 0 0 0 
0 146 149 0 146 149 0 146 149 5 98 93 0 0 0 0 0 0 0 0 0 0 0 0 0 0 0 0 0 0 0 0 0 0 0 0 0 0 0 0 0 0 0 0 0 0 0 0 0 0 0 0 0 0 0 0 0 0 0 0 0 0 0 0 0 0 0 0 0 0 0 0 0 0 0 0 0 0 0 0 0 0 0 0 0 0 0 0 0 0 0 0 0 0 0 0 5 98 93 0 146 149 0 146 149 0 146 149 
0 146 149 41 223 235 3 65 80 0 0 0 0 0 0 0 0 0 0 0 0 0 0 0 0 0 0 0 0 0 3 65 80 64 87 108 3 65 80 3 65 80 3 65 80 3 65 80 3 65 80 3 65 80 3 65 80 7 72 87 7 72 87 3 65 80 7 72 87 7 72 87 3 65 80 7 72 87 0 0 0 0 0 0 0 0 0 0 0 0 0 0 0 0 0 0 0 0 0 3 65 80 41 223 235 0 146 149 
0 146 149 0 146 149 3 65 80 6 46 55 0 0 0 0 0 0 0 0 0 0 0 0 0 0 0 0 0 0 3 65 80 6 46 55 3 65 80 6 46 55 6 46 55 3 65 80 6 46 55 6 46 55 3 65 80 7 72 87 6 46 55 6 46 55 6 46 55 6 46 55 6 46 55 3 65 80 0 0 0 0 0 0 0 0 0 0 0 0 0 0 0 0 0 0 6 46 55 3 65 80 0 146 149 0 146 149 
5 98 93 0 146 149 0 146 149 5 98 93 0 146 149 3 65 80 0 0 0 6 46 55 0 0 0 0 0 0 11 33 42 3 65 80 6 46 55 11 33 42 6 46 55 11 33 42 11 33 42 11 33 42 11 33 42 11 33 42 11 33 42 11 33 42 11 33 42 3 65 80 11 33 42 11 33 42 0 0 0 0 0 0 6 46 55 0 0 0 3 65 80 0 146 149 5 98 93 0 146 149 0 146 149 5 98 93 
41 223 235 5 98 93 0 146 149 0 146 149 5 98 93 3 65 80 3 65 80 6 46 55 11 33 42 0 0 0 6 46 55 11 33 42 11 33 42 17 27 33 11 33 42 17 27 33 11 33 42 13 18 23 11 33 42 11 33 42 17 27 33 17 27 33 17 27 33 17 27 33 17 27 33 17 27 33 0 0 0 11 33 42 6 46 55 3 65 80 3 65 80 5 98 93 0 146 149 0 146 149 5 98 93 41 223 235 
41 223 235 0 0 0 0 0 0 5 98 93 0 0 0 0 146 149 5 98 93 3 65 80 11 33 42 11 33 42 13 18 23 17 27 33 17 21 26 6 46 55 17 21 26 13 18 23 17 27 33 17 21 26 13 18 23 17 27 33 17 27 33 13 18 23 17 27 33 17 21 26 13 18 23 13 18 23 11 33 42 11 33 42 3 65 80 5 98 93 0 146 149 0 0 0 5 98 93 0 0 0 0 0 0 41 223 235 
0 0 0 0 0 0 0 0 0 41 223 235 0 0 0 0 0 0 41 223 235 3 65 80 6 46 55 11 33 42 17 27 33 17 21 26 13 18 23 13 18 23 13 18 23 13 18 23 13 18 23 13 18 23 13 18 23 13 18 23 13 18 23 13 18 23 6 46 55 13 18 23 13 18 23 13 18 23 11 33 42 6 46 55 3 65 80 41 223 235 0 0 0 0 0 0 41 223 235 0 0 0 0 0 0 0 0 0 
0 0 0 0 0 0 0 0 0 41 223 235 0 0 0 0 0 0 0 0 0 0 0 0 6 46 55 11 33 42 13 18 23 13 18 23 13 18 23 13 18 23 17 22 27 18 30 37 10 46 54 10 46 54 10 46 54 10 46 54 18 30 36 17 22 27 13 18 23 13 18 23 13 18 23 13 18 23 11 33 42 6 46 55 0 0 0 0 0 0 0 0 0 0 0 0 41 223 235 0 0 0 0 0 0 0 0 0 
0 0 0 0 0 0 0 0 0 0 0 0 0 0 0 0 0 0 0 0 0 0 0 0 0 0 0 0 0 0 13 18 23 13 18 23 13 18 23 17 27 32 10 46 54 12 47 54 12 47 54 8 67 76 8 67 76 12 47 54 12 47 54 10 46 54 13 18 23 13 18 23 13 18 23 13 18 23 0 0 0 0 0 0 0 0 0 0 0 0 0 0 0 0 0 0 0 0 0 0 0 0 0 0 0 0 0 0 
0 0 0 0 0 0 0 0 0 0 0 0 0 0 0 0 0 0 0 0 0 0 0 0 0 0 0 0 0 0 13 18 23 13 18 23 13 18 23 12 47 54 13 18 23 5 4 18 5 4 18 5 4 18 5 4 18 5 4 18 5 4 18 13 18 23 10 46 54 13 18 23 13 18 23 13 18 23 0 0 0 0 0 0 0 0 0 0 0 0 0 0 0 0 0 0 0 0 0 0 0 0 0 0 0 0 0 0 
0 0 0 0 0 0 0 0 0 0 0 0 0 0 0 0 0 0 0 0 0 0 0 0 0 0 0 0 0 0 17 27 33 13 18 23 10 46 54 5 4 18 5 4 18 5 4 18 5 4 18 5 4 18 5 4 18 5 4 18 5 4 18 5 4 18 5 4 18 10 46 54 13 18 23 13 18 23 0 0 0 0 0 0 0 0 0 0 0 0 0 0 0 0 0 0 0 0 0 0 0 0 0 0 0 0 0 0 
0 0 0 0 0 0 0 0 0 0 0 0 0 0 0 0 0 0 0 0 0 0 0 0 0 0 0 0 0 0 17 27 33 13 18 23 18 27 32 5 4 18 5 4 18 13 18 23 13 18 23 13 18 23 13 18 23 13 18 23 13 18 23 5 4 18 5 4 18 18 27 32 13 18 23 13 18 23 0 0 0 0 0 0 0 0 0 0 0 0 0 0 0 0 0 0 0 0 0 0 0 0 0 0 0 0 0 0 
0 0 0 0 0 0 0 0 0 0 0 0 0 0 0 0 0 0 0 0 0 0 0 0 0 0 0 0 0 0 13 18 23 18 27 32 5 4 18 5 4 18 13 18 23 13 18 23 17 27 33 17 27 33 17 27 33 17 27 33 13 18 23 13 18 23 5 4 18 5 4 18 18 27 32 13 18 23 0 0 0 0 0 0 0 0 0 0 0 0 0 0 0 0 0 0 0 0 0 0 0 0 0 0 0 0 0 0 
0 0 0 0 0 0 0 0 0 0 0 0 0 0 0 0 0 0 0 0 0 0 0 0 0 0 0 0 0 0 13 18 23 17 27 32 16 36 44 13 18 23 13 18 23 8 67 76 8 67 76 8 67 76 12 47 54 8 67 76 12 47 54 13 18 23 13 18 23 16 36 44 17 27 32 13 18 23 0 0 0 0 0 0 0 0 0 0 0 0 0 0 0 0 0 0 0 0 0 0 0 0 0 0 0 0 0 0 
0 0 0 0 0 0 0 0 0 0 0 0 0 0 0 0 0 0 0 0 0 0 0 0 0 0 0 0 0 0 13 18 23 13 18 23 17 27 32 16 36 44 12 47 54 14 35 43 17 27 32 17 27 32 17 27 32 17 27 32 14 35 43 12 47 54 12 47 54 17 27 32 13 18 23 13 18 23 0 0 0 0 0 0 0 0 0 0 0 0 0 0 0 0 0 0 0 0 0 0 0 0 0 0 0 0 0 0 
0 0 0 0 0 0 0 0 0 0 0 0 0 0 0 0 0 0 0 0 0 0 0 0 0 0 0 0 0 0 13 18 23 13 18 23 17 27 32 17 27 32 17 27 32 13 18 23 13 18 23 13 18 23 13 18 23 13 18 23 13 18 23 17 27 32 17 27 32 17 27 32 13 18 23 13 18 23 0 0 0 0 0 0 0 0 0 0 0 0 0 0 0 0 0 0 0 0 0 0 0 0 0 0 0 0 0 0 
0 0 0 0 0 0 0 0 0 0 0 0 0 0 0 0 0 0 0 0 0 0 0 0 0 0 0 0 0 0 13 18 23 13 18 23 13 18 23 17 27 32 13 18 23 13 18 23 13 18 23 13 18 23 13 18 23 13 18 23 13 18 23 13 18 23 17 27 32 13 18 23 13 18 23 13 18 23 0 0 0 0 0 0 0 0 0 0 0 0 0 0 0 0 0 0 0 0 0 0 0 0 0 0 0 0 0 0 
