[38;2;221;218;219m[48;2;221;218;219m██[0m[38;2;221;218;219m[48;2;221;218;219m██[0m[38;2;221;218;219m[48;2;221;218;219m██[0m[38;2;221;218;219m[48;2;221;218;219m██[0m[38;2;0;0;0m[48;2;0;0;0m██[0m[38;2;0;0;0m[48;2;0;0;0m██[0m[38;2;0;0;0m[48;2;0;0;0m██[0m[38;2;0;0;0m[48;2;0;0;0m██[0m[38;2;221;218;219m[48;2;221;218;219m██[0m[38;2;221;218;219m[48;2;221;218;219m██[0m[38;2;221;218;219m[48;2;221;218;219m██[0m[38;2;221;218;219m[48;2;221;218;219m██[0m
[38;2;221;218;219m[48;2;221;218;219m██[0m[38;2;221;218;219m[48;2;221;218;219m██[0m[38;2;221;218;219m[48;2;221;218;219m██[0m[38;2;221;218;219m[48;2;221;218;219m██[0m[38;2;0;0;0m[48;2;0;0;0m██[0m[38;2;0;0;0m[48;2;0;0;0m██[0m[38;2;0;0;0m[48;2;0;0;0m██[0m[38;2;0;0;0m[48;2;0;0;0m██[0m[38;2;221;218;219m[48;2;221;218;219m██[0m[38;2;221;218;219m[48;2;221;218;219m██[0m[38;2;221;218;219m[48;2;221;218;219m██[0m[38;2;221;218;219m[48;2;221;218;219m██[0m
[38;2;211;207;207m[48;2;211;207;207m██[0m[38;2;211;207;207m[48;2;211;207;207m██[0m[38;2;211;207;207m[48;2;211;207;207m██[0m[38;2;211;207;207m[48;2;211;207;207m██[0m[38;2;0;0;0m[48;2;0;0;0m██[0m[38;2;0;0;0m[48;2;0;0;0m██[0m[38;2;0;0;0m[48;2;0;0;0m██[0m[38;2;0;0;0m[48;2;0;0;0m██[0m[38;2;211;207;207m[48;2;211;207;207m██[0m[38;2;211;207;207m[48;2;211;207;207m██[0m[38;2;211;207;207m[48;2;211;207;207m██[0m[38;2;211;207;207m[48;2;211;207;207m██[0m
[38;2;211;207;207m[48;2;211;207;207m██[0m[38;2;211;207;207m[48;2;211;207;207m██[0m[38;2;211;207;207m[48;2;211;207;207m██[0m[38;2;211;207;207m[48;2;211;207;207m██[0m[38;2;0;0;0m[48;2;0;0;0m██[0m[38;2;0;0;0m[48;2;0;0;0m██[0m[38;2;0;0;0m[48;2;0;0;0m██[0m[38;2;0;0;0m[48;2;0;0;0m██[0m[38;2;211;207;207m[48;2;211;207;207m██[0m[38;2;211;207;207m[48;2;211;207;207m██[0m[38;2;211;207;207m[48;2;211;207;207m██[0m[38;2;211;207;207m[48;2;211;207;207m██[0m
[38;2;193;190;190m[48;2;193;190;190m██[0m[38;2;193;190;190m[48;2;193;190;190m██[0m[38;2;211;207;207m[48;2;211;207;207m██[0m[38;2;211;207;207m[48;2;211;207;207m██[0m[38;2;221;218;219m[48;2;221;218;219m██[0m[38;2;221;218;219m[48;2;221;218;219m██[0m[38;2;221;218;219m[48;2;221;218;219m██[0m[38;2;221;218;219m[48;2;221;218;219m██[0m[38;2;211;207;207m[48;2;211;207;207m██[0m[38;2;211;207;207m[48;2;211;207;207m██[0m[38;2;193;190;190m[48;2;193;190;190m██[0m[38;2;193;190;190m[48;2;193;190;190m██[0m
[38;2;193;190;190m[48;2;193;190;190m██[0m[38;2;193;190;190m[48;2;193;190;190m██[0m[38;2;211;207;207m[48;2;211;207;207m██[0m[38;2;211;207;207m[48;2;211;207;207m██[0m[38;2;221;218;219m[48;2;221;218;219m██[0m[38;2;221;218;219m[48;2;221;218;219m██[0m[38;2;221;218;219m[48;2;221;218;219m██[0m[38;2;221;218;219m[48;2;221;218;219m██[0m[38;2;211;207;207m[48;2;211;207;207m██[0m[38;2;211;207;207m[48;2;211;207;207m██[0m[38;2;193;190;190m[48;2;193;190;190m██[0m[38;2;193;190;190m[48;2;193;190;190m██[0m
[38;2;193;190;190m[48;2;193;190;190m██[0m[38;2;193;190;190m[48;2;193;190;190m██[0m[38;2;193;190;190m[48;2;193;190;190m██[0m[38;2;193;190;190m[48;2;193;190;190m██[0m[38;2;211;207;207m[48;2;211;207;207m██[0m[38;2;211;207;207m[48;2;211;207;207m██[0m[38;2;211;207;207m[48;2;211;207;207m██[0m[38;2;211;207;207m[48;2;211;207;207m██[0m[38;2;193;190;190m[48;2;193;190;190m██[0m[38;2;193;190;190m[48;2;193;190;190m██[0m[38;2;202;199;200m[48;2;202;199;200m██[0m[38;2;202;199;200m[48;2;202;199;200m██[0m
[38;2;193;190;190m[48;2;193;190;190m██[0m[38;2;193;190;190m[48;2;193;190;190m██[0m[38;2;193;190;190m[48;2;193;190;190m██[0m[38;2;193;190;190m[48;2;193;190;190m██[0m[38;2;211;207;207m[48;2;211;207;207m██[0m[38;2;211;207;207m[48;2;211;207;207m██[0m[38;2;211;207;207m[48;2;211;207;207m██[0m[38;2;211;207;207m[48;2;211;207;207m██[0m[38;2;193;190;190m[48;2;193;190;190m██[0m[38;2;193;190;190m[48;2;193;190;190m██[0m[38;2;202;199;200m[48;2;202;199;200m██[0m[38;2;202;199;200m[48;2;202;199;200m██[0m
[38;2;255;255;255m[48;2;255;255;255m██[0m[38;2;255;255;255m[48;2;255;255;255m██[0m[38;2;18;20;22m[48;2;18;20;22m██[0m[38;2;18;20;22m[48;2;18;20;22m██[0m[38;2;167;143;126m[48;2;167;143;126m██[0m[38;2;167;143;126m[48;2;167;143;126m██[0m[38;2;167;143;126m[48;2;167;143;126m██[0m[38;2;167;143;126m[48;2;167;143;126m██[0m[38;2;18;20;22m[48;2;18;20;22m██[0m[38;2;18;20;22m[48;2;18;20;22m██[0m[38;2;255;255;255m[48;2;255;255;255m██[0m[38;2;255;255;255m[48;2;255;255;255m██[0m
[38;2;255;255;255m[48;2;255;255;255m██[0m[38;2;255;255;255m[48;2;255;255;255m██[0m[38;2;18;20;22m[48;2;18;20;22m██[0m[38;2;18;20;22m[48;2;18;20;22m██[0m[38;2;167;143;126m[48;2;167;143;126m██[0m[38;2;167;143;126m[48;2;167;143;126m██[0m[38;2;167;143;126m[48;2;167;143;126m██[0m[38;2;167;143;126m[48;2;167;143;126m██[0m[38;2;18;20;22m[48;2;18;20;22m██[0m[38;2;18;20;22m[48;2;18;20;22m██[0m[38;2;255;255;255m[48;2;255;255;255m██[0m[38;2;255;255;255m[48;2;255;255;255m██[0m
[38;2;167;143;126m[48;2;167;143;126m██[0m[38;2;167;143;126m[48;2;167;143;126m██[0m[38;2;140;111;82m[48;2;140;111;82m██[0m[38;2;228;216;217m[48;2;228;216;217m██[0m[38;2;228;216;217m[48;2;228;216;217m██[0m[38;2;18;20;22m[48;2;18;20;22m██[0m[38;2;18;20;22m[48;2;18;20;22m██[0m[38;2;228;216;217m[48;2;228;216;217m██[0m[38;2;228;216;217m[48;2;228;216;217m██[0m[38;2;140;111;82m[48;2;140;111;82m██[0m[38;2;167;143;126m[48;2;167;143;126m██[0m[38;2;167;143;126m[48;2;167;143;126m██[0m
[38;2;167;143;126m[48;2;167;143;126m██[0m[38;2;167;143;126m[48;2;167;143;126m██[0m[38;2;140;111;82m[48;2;140;111;82m██[0m[38;2;228;216;217m[48;2;228;216;217m██[0m[38;2;228;216;217m[48;2;228;216;217m██[0m[38;2;18;20;22m[48;2;18;20;22m██[0m[38;2;18;20;22m[48;2;18;20;22m██[0m[38;2;228;216;217m[48;2;228;216;217m██[0m[38;2;228;216;217m[48;2;228;216;217m██[0m[38;2;140;111;82m[48;2;140;111;82m██[0m[38;2;167;143;126m[48;2;167;143;126m██[0m[38;2;167;143;126m[48;2;167;143;126m██[0m
[38;2;140;111;82m[48;2;140;111;82m██[0m[38;2;140;111;82m[48;2;140;111;82m██[0m[38;2;154;140;136m[48;2;154;140;136m██[0m[38;2;228;216;217m[48;2;228;216;217m██[0m[38;2;228;216;217m[48;2;228;216;217m██[0m[38;2;228;216;217m[48;2;228;216;217m██[0m[38;2;228;216;217m[48;2;228;216;217m██[0m[38;2;228;216;217m[48;2;228;216;217m██[0m[38;2;228;216;217m[48;2;228;216;217m██[0m[38;2;154;140;136m[48;2;154;140;136m██[0m[38;2;140;111;82m[48;2;140;111;82m██[0m[38;2;140;111;82m[48;2;140;111;82m██[0m
[38;2;140;111;82m[48;2;140;111;82m██[0m[38;2;140;111;82m[48;2;140;111;82m██[0m[38;2;154;140;136m[48;2;154;140;136m██[0m[38;2;228;216;217m[48;2;228;216;217m██[0m[38;2;228;216;217m[48;2;228;216;217m██[0m[38;2;228;216;217m[48;2;228;216;217m██[0m[38;2;228;216;217m[48;2;228;216;217m██[0m[38;2;228;216;217m[48;2;228;216;217m██[0m[38;2;228;216;217m[48;2;228;216;217m██[0m[38;2;154;140;136m[48;2;154;140;136m██[0m[38;2;140;111;82m[48;2;140;111;82m██[0m[38;2;140;111;82m[48;2;140;111;82m██[0m
[38;2;154;140;136m[48;2;154;140;136m██[0m[38;2;154;140;136m[48;2;154;140;136m██[0m[38;2;211;207;207m[48;2;211;207;207m██[0m[38;2;57;60;63m[48;2;57;60;63m██[0m[38;2;57;60;63m[48;2;57;60;63m██[0m[38;2;57;60;63m[48;2;57;60;63m██[0m[38;2;57;60;63m[48;2;57;60;63m██[0m[38;2;57;60;63m[48;2;57;60;63m██[0m[38;2;57;60;63m[48;2;57;60;63m██[0m[38;2;211;207;207m[48;2;211;207;207m██[0m[38;2;154;140;136m[48;2;154;140;136m██[0m[38;2;154;140;136m[48;2;154;140;136m██[0m
[38;2;154;140;136m[48;2;154;140;136m██[0m[38;2;154;140;136m[48;2;154;140;136m██[0m[38;2;211;207;207m[48;2;211;207;207m██[0m[38;2;57;60;63m[48;2;57;60;63m██[0m[38;2;57;60;63m[48;2;57;60;63m██[0m[38;2;57;60;63m[48;2;57;60;63m██[0m[38;2;57;60;63m[48;2;57;60;63m██[0m[38;2;57;60;63m[48;2;57;60;63m██[0m[38;2;57;60;63m[48;2;57;60;63m██[0m[38;2;211;207;207m[48;2;211;207;207m██[0m[38;2;154;140;136m[48;2;154;140;136m██[0m[38;2;154;140;136m[48;2;154;140;136m██[0m
