12 16
221 218 219 221 218 219 221 218 219 221 218 219 0 0 0 0 0 0 0 0 0 0 0 0 221 218 219 221 218 219 221 218 219 221 218 219 
221 218 219 221 218 219 221 218 219 221 218 219 0 0 0 0 0 0 0 0 0 0 0 0 221 218 219 221 218 219 221 218 219 221 218 219 
211 207 207 211 207 207 211 207 207 211 207 207 0 0 0 0 0 0 0 0 0 0 0 0 211 207 207 211 207 207 211 207 207 211 207 207 
211 207 207 211 207 207 211 207 207 211 207 207 0 0 0 0 0 0 0 0 0 0 0 0 211 207 207 211 207 207 211 207 207 211 207 207 
193 190 190 193 190 190 211 207 207 211 207 207 221 218 219 221 218 219 221 218 219 221 218 219 211 207 207 211 207 207 193 190 190 193 190 190 
193 190 190 193 190 190 211 207 207 211 207 207 221 218 219 221 218 219 221 218 219 221 218 219 211 207 207 211 207 207 193 190 190 193 190 190 
193 190 190 193 190 190 193 190 190 193 190 190 211 207 207 211 207 207 211 207 207 211 207 207 193 190 190 193 190 190 202 199 200 202 199 200 
193 190 190 193 190 190 193 190 190 193 190 190 211 207 207 211 207 207 211 207 207 211 207 207 193 190 190 193 190 190 202 199 200 202 199 200 
255 255 255 255 255 255 18 20 22 18 20 22 167 143 126 167 143 126 167 143 126 167 143 126 18 20 22 18 20 22 255 255 255 255 255 255 
255 255 255 255 255 255 18 20 22 18 20 22 167 143 126 167 143 126 167 143 126 167 143 126 18 20 22 18 20 22 255 255 255 255 255 255 
167 143 126 167 143 126 140 111 82 228 216 217 228 216 217 18 20 22 18 20 22 228 216 217 228 216 217 140 111 82 167 143 126 167 143 126 
167 143 126 167 143 126 140 111 82 228 216 217 228 216 217 18 20 22 18 20 22 228 216 217 228 216 217 140 111 82 167 143 126 167 143 126 
140 111 82 140 111 82 154 140 136 228 216 217 228 216 217 228 216 217 228 216 217 228 216 217 228 216 217 154 140 136 140 111 82 140 111 82 
140 111 82 140 111 82 154 140 136 228 216 217 228 216 217 228 216 217 228 216 217 228 216 217 228 216 217 154 140 136 140 111 82 140 111 82 
154 140 136 154 140 136 211 207 207 57 60 63 57 60 63 57 60 63 57 60 63 57 60 63 57 60 63 211 207 207 154 140 136 154 140 136 
154 140 136 154 140 136 211 207 207 57 60 63 57 60 63 57 60 63 57 60 63 57 60 63 57 60 63 211 207 207 154 140 136 154 140 136 
