16 19
-1 -1 -1 69 75 78 96 100 101 69 75 78 69 75 78 33 44 53 33 44 53 33 44 53 223 127 119 233 144 137 233 144 137 223 127 119 223 113 107 223 113 107 223 113 107 -1 -1 -1 
-1 -1 -1 233 144 137 223 113 107 223 127 119 223 127 119 233 144 137 233 144 137 223 127 119 233 144 137 233 144 137 233 144 137 223 127 119 223 127 119 223 113 107 233 144 137 -1 -1 -1 
-1 -1 -1 234 154 153 234 154 153 233 144 137 233 144 137 233 144 137 234 154 153 233 144 137 223 127 119 233 144 137 233 144 137 233 144 137 233 144 137 234 154 153 234 154 153 -1 -1 -1 
-1 -1 -1 233 144 137 234 154 153 223 127 119 233 144 137 233 144 137 234 154 153 233 144 137 233 144 137 234 154 153 233 144 137 233 144 137 223 127 119 234 154 153 233 144 137 -1 -1 -1 
-1 -1 -1 223 127 119 233 144 137 223 127 119 233 144 137 233 144 137 233 144 137 234 154 153 233 144 137 233 144 137 233 144 137 233 144 137 223 127 119 233 144 137 223 127 119 -1 -1 -1 
-1 -1 -1 84 98 36 105 142 69 105 142 69 223 127 119 233 144 137 233 144 137 234 154 153 234 154 153 233 144 137 233 144 137 223 127 119 223 113 107 223 127 119 223 113 107 -1 -1 -1 
-1 -1 -1 173 171 173 173 171 173 97 123 50 105 142 69 233 144 137 234 154 153 234 154 153 234 154 153 234 154 153 233 144 137 223 127 119 223 113 107 207 98 99 207 98 99 -1 -1 -1 
-1 -1 -1 66 60 60 66 60 60 173 171 173 97 123 50 105 142 69 233 144 137 234 154 153 234 154 153 233 144 137 223 127 119 223 127 119 207 98 99 255 255 255 255 255 255 -1 -1 -1 
-1 -1 -1 66 60 60 66 60 60 188 188 188 97 123 50 173 171 173 105 142 69 234 154 153 234 154 153 234 154 153 233 144 137 234 154 153 233 144 137 255 255 255 255 255 255 -1 -1 -1 
-1 -1 -1 82 78 78 82 78 78 211 211 211 211 211 211 173 171 173 105 142 69 234 154 153 234 154 153 234 154 153 233 144 137 233 144 137 234 154 153 234 154 153 234 154 153 -1 -1 -1 
-1 -1 -1 211 211 211 211 211 211 211 211 211 211 211 211 105 142 69 181 132 103 233 144 137 233 144 137 97 123 50 97 123 50 84 98 36 181 132 103 234 154 153 234 154 153 -1 -1 -1 
211 211 211 211 211 211 211 211 211 211 211 211 203 201 201 105 142 69 233 144 137 234 154 153 234 154 153 234 154 153 181 132 103 181 132 103 223 113 107 223 113 107 211 211 211 211 211 211 
211 211 211 211 211 211 203 201 201 203 201 201 173 171 173 97 123 50 223 127 119 233 144 137 233 144 137 223 127 119 223 127 119 233 144 137 223 127 119 207 98 99 211 211 211 211 211 211 
-1 -1 -1 203 201 201 203 201 201 188 188 188 173 171 173 97 123 50 181 132 103 233 144 137 234 154 153 181 132 103 84 98 36 97 123 50 97 123 50 181 132 103 207 98 99 -1 -1 -1 
-1 -1 -1 211 211 211 211 211 211 203 201 201 105 142 69 105 142 69 97 123 50 181 132 103 234 154 153 234 154 153 234 154 153 181 132 103 181 132 103 233 144 137 207 98 99 -1 -1 -1 
-1 -1 -1 203 201 201 188 188 188 188 188 188 188 188 188 188 188 188 84 98 36 181 132 103 223 127 119 223 127 119 223 113 107 223 113 107 223 113 107 223 113 107 207 98 99 -1 -1 -1 
-1 -1 -1 211 211 211 211 211 211 211 211 211 203 201 201 105 142 69 105 142 69 97 123 50 233 144 137 234 154 153 234 154 153 233 144 137 223 127 119 223 113 107 223 113 107 -1 -1 -1 
-1 -1 -1 203 201 201 203 201 201 203 201 201 188 188 188 188 188 188 173 171 173 97 123 50 223 127 119 223 127 119 223 127 119 223 127 119 223 127 119 223 127 119 207 98 99 -1 -1 -1 
-1 -1 -1 203 201 201 203 201 201 188 188 188 188 188 188 188 188 188 188 188 188 97 123 50 233 144 137 234 154 153 234 154 153 234 154 153 233 144 137 233 144 137 223 113 107 -1 -1 -1 
