8 11
95 127 55 119 160 71 102 138 63 108 146 67 119 160 71 108 146 67 136 170 91 119 160 71 
85 115 53 102 138 63 102 138 63 119 160 71 119 160 71 102 138 63 119 160 71 102 138 63 
85 115 53 102 138 63 95 127 55 108 146 67 114 132 81 94 117 69 119 160 71 85 115 53 
78 107 48 102 138 63 102 138 63 95 127 55 94 117 69 114 132 81 136 170 91 78 107 48 
65 89 40 114 132 81 118 146 79 102 138 63 119 160 71 136 170 91 118 146 79 65 89 40 
65 89 40 51 36 17 51 36 17 51 36 17 51 36 17 51 36 17 51 36 17 65 89 40 
95 127 55 255 255 255 153 43 43 78 107 48 78 107 48 153 43 43 255 255 255 95 127 55 
49 61 37 78 107 48 65 89 40 67 76 36 79 81 51 65 89 40 78 107 48 49 61 37 
49 61 37 65 89 40 44 61 28 79 81 51 67 76 36 44 61 28 65 89 40 49 61 37 
49 61 37 65 89 40 65 89 40 67 76 36 67 76 36 65 89 40 65 89 40 49 61 37 
0 0 0 0 0 0 0 0 0 73 65 36 73 65 36 0 0 0 0 0 0 0 0 0 
